0
1
2
11
12
40
41
42
43
44
45
46
92
164
275
149
431
997
998
999
1000
1001
1002
1003
342
567
367
547
1713
564
1034
2478
1636
1879
2320
2794
3148
3924
1733
1802
2626
407
363
695
903
877
884
1362
1363
402
796
1398
2265
2272
3388
3583
131
140
328
272
765
67
68
422
1152
5863
374
643
687
2137
2191
395
638
282
50
898
2824
1950
1951
1952
1953
1012
1062
1773
2684
1191
2177
2220
6
118
368
369
80
232
233
234
627
691
411
4
129
2518
1013
1477
1985
2855
960
1993
1717
258
1706
883
2599
3451
3911
3912
620
1916
1917
1918
1919
353
1011
1125
1545
346
1228
1116
742
850
1819
27
79
863
872
875
879
880
3084
443
664
319
1169
93
107
2981
3307
6479
801
996
1323
2514
3811
4624
5284
759
1061
325
1114
2299
2873
2874
2875
2876
828
980
2745
1907
2812
128
18
429
2808
2904
1182
1820
720
1257
5198
7601
226
1923
7221
889
167
608
609
610
1109
174
344
88
84
408
497
595
74
1853
1854
1855
1856
186
223
355
1049
1174
1281
659
741
860
1246
190
1091
1579
81
193
700
196
750
929
1503
70
1495
375
505
565
1356
749
1730
1786
239
475
148
121
480
237
296
579
812
819
820
260
162
570
1247
1349
2458
1221
1251
2188
2347
3269
1099
3423
3527
4141
4815
4816
978
1176
3091
3092
1883
2119
300
861
1094
360
1047
1151
628
322
760
2121
2379
1330
390
289
370
386
311
970
3216
3323
3324
3325
3326
3327
3328
646
1020
1119
1327
177
430
640
1462
1463
1750
592
1873
1874
1875
1876
1877
1878
1880
1881
1824
1196
1994
3083
3456
5443
6368
6369
1086
1641
2052
110
437
834
2892
3130
436
560
841
185
3578
455
1777
3658
3963
4530
905
1235
730
1101
815
2257
699
1258
726
290
669
171
543
1986
1987
9
1655
217
303
400
642
2237
2238
466
1014
1532
1574
1992
4226
1190
1964
2349
4054
3264
1491
1704
2573
3095
4329
273
635
967
350
946
702
478
1808
317
830
481
685
2086
2087
2088
2089
2090
2091
3876
4293
4431
4432
2092
644
2093
4403
554
1982
2367
1217
1795
838
415
1527
2402
2403
263
114
1093
1588
439
117
612
803
1480
1481
1482
1483
1484
1485
461
1443
170
78
490
491
492
715
716
251
859
133
1210
1755
94
299
1117
137
493
172
173
636
2013
761
326
1929
178
301
1102
87
208
241
242
783
809
849
1143
2961
3016
3017
3018
3019
5179
3020
412
388
1387
784
1760
143
686
904
244
957
1021
1033
1963
2072
2796
159
952
2688
2689
2690
105
630
711
1817
1932
192
684
2060
2061
4500
4501
4502
2062
1153
703
2129
2130
1226
3093
1008
202
371
512
989
1041
1144
1395
2764
2765
2766
2767
2768
250
1627
1628
1629
1630
938
935
1202
310
1664
261
933
934
1295
123
405
790
1017
127
1475
2364
7
138
633
180
304
348
1095
1248
1249
1250
1252
762
1533
2266
2267
2268
55
102
1368
470
721
797
1458
157
155
556
315
1077
1157
1069
2076
2556
2660
693
1845
113
86
361
362
364
365
366
379
534
1171
343
494
1203
71
286
203
1073
161
2244
98
3511
5793
3950
4646
4647
4648
925
1278
1288
1848
2356
359
973
1643
37
1403
2231
988
2075
4389
5002
5301
5369
5982
5983
2561
3565
886
257
650
596
106
166
205
599
874
600
601
165
589
590
1317
2628
453
913
1222
1507
3664
1508
1509
1510
1511
923
30
1159
1146
2704
2999
714
351
1310
356
145
1302
1303
1304
1305
249
832
169
517
985
141
502
503
504
1780
1781
3
20
51
52
53
54
146
147
521
522
523
524
410
591
573
1158
648
2008
2009
2010
2011
209
986
2928
292
806
1082
1921
2454
2475
463
551
696
531
1644
1673
1674
1675
754
1318
314
535
1632
1688
732
1352
1868
2508
2571
2590
3369
3370
3371
2376
3893
3894
6111
5331
3895
3896
3897
2269
3588
2674
1296
1647
1680
2217
2528
753
198
675
307
2046
2047
2048
2049
708
1085
2921
2153
2154
2155
2156
2157
4548
4549
4550
1025
499
1230
2133
1421
921
1530
2039
1340
1774
692
538
697
77
85
294
309
312
983
279
426
1145
1104
1130
225
622
1732
75
57
216
218
69
768
549
1254
1723
1724
1725
1726
1727
807
2602
1872
1998
3290
4956
5706
5999
1194
281
542
837
340
4998
6828
1164
639
58
168
540
618
619
621
389
1409
568
961
574
1336
2396
4188
4427
4957
2300
2580
1552
900
1623
2469
3236
2348
2607
4788
3662
10488
4789
2790
3131
515
1625
2927
1315
1211
1322
130
446
295
73
187
694
698
956
182
418
2705
2706
1904
1042
679
1198
2474
3085
3123
2310
7591
3124
3125
1506
3587
1537
1030
318
527
887
1083
1165
2470
2919
3054
647
566
63
403
458
112
329
352
1260
1261
1262
125
471
472
1605
559
1427
2057
1326
220
108
775
776
847
2388
1536
204
222
1218
440
800
981
2438
1983
2525
2584
631
438
1471
1472
1393
2821
3024
3467
3468
853
1598
1710
2490
1861
3821
4082
4185
5460
5792
6264
6265
34
4088
4870
2982
6269
7640
6500
8112
8113
8114
8115
8116
8117
8118
6426
120
97
142
871
901
1055
1456
2301
4737
2769
786
1705
2498
2499
2500
4780
1460
4017
5396
7571
2455
1005
3793
3795
1562
3614
1054
2845
2846
2847
2848
2849
5226
2850
2851
885
2051
5376
724
1592
3472
3557
2517
256
291
918
919
920
1353
963
421
1396
774
766
552
1274
1168
495
893
867
213
763
1410
308
752
1111
1601
3794
2974
2975
2053
2466
4854
136
1454
1720
477
2211
2387
399
3546
2241
3624
238
826
31
385
1747
221
2618
3187
3545
3660
4685
4980
2151
945
176
561
641
1970
645
1974
1502
1897
3169
4243
4244
183
794
922
617
649
230
613
614
1975
1976
1977
1978
1286
1900
2658
546
947
2565
2798
2989
629
1328
1424
1863
6340
5341
1183
1090
1599
1949
4077
851
1316
7327
855
90
89
266
1015
323
416
473
265
484
668
1435
1538
345
1219
1275
2298
4627
2254
1474
1621
583
3254
3381
3581
1241
1347
1469
2422
2457
3317
1551
1045
1306
25
99
103
320
321
324
327
764
1175
1177
380
382
3072
3094
1018
781
449
1160
1341
2471
2472
2473
2476
2901
2365
330
3247
1365
3485
2085
846
1835
1056
1959
735
984
1555
1006
1812
2922
1652
990
897
1971
1148
1238
2005
637
487
287
332
1059
1060
1063
1064
1065
824
2018
3184
3672
4302
2069
2698
2880
2881
5248
2882
1928
1911
3618
1892
2192
1663
2017
1962
2026
785
1772
1685
454
964
1016
1740
447
987
1087
1459
293
1137
2393
3461
4726
4727
615
1553
3706
3707
3708
393
3709
3710
1031
1299
2451
2569
2730
3099
3272
3273
3274
1654
2064
2285
1155
1580
1815
3722
4595
4596
4597
4598
4599
2290
2624
1568
2934
4055
4098
4802
4913
1806
2502
3060
383
624
4193
5380
5381
6339
4991
4992
1590
391
2319
1600
2380
4664
1468
4310
5043
3047
1267
2554
2924
5273
5371
5372
1797
2074
3304
3864
6300
2546
616
1406
2251
2636
3580
3962
1813
3006
626
1473
4729
316
848
1140
911
932
2606
2641
943
2168
2697
2699
4694
5009
5010
6945
3539
5840
6491
8978
1373
3399
1595
3292
48
243
977
1886
2738
433
576
1026
115
396
397
1197
1746
1721
469
2665
3951
2420
3965
3966
3967
3968
3590
5589
709
1204
569
1608
982
1831
1832
1833
2649
2650
835
2389
284
1039
2066
488
660
134
2001
740
1426
2214
2215
2225
2226
2227
384
1397
2785
788
1399
2302
4613
2303
2304
2305
1106
1763
2506
1922
2224
2481
3540
3851
4868
593
2152
722
2195
992
1616
2770
587
3232
3883
4632
200
725
727
927
654
280
264
948
949
950
951
953
954
1648
3869
1658
1662
2683
3075
914
3141
1294
940
1234
1667
1669
1571
1870
3865
3866
3867
2223
4187
4224
2317
2885
3969
2037
5390
7604
4045
8383
5020
1578
1606
5321
6947
5473
5609
1943
1944
3355
2331
1745
829
100
2515
1167
1207
1731
2990
1722
2714
2485
802
2926
2953
2102
1787
1243
657
1417
1995
1996
1997
2264
833
1525
124
419
420
423
1405
1407
1408
1411
1412
1413
424
758
719
2117
1321
2440
1614
4732
5362
5911
1334
533
571
1778
1779
941
1136
1681
1682
2651
2033
2512
3062
5033
5034
5035
5036
5037
2831
3101
710
974
4032
4163
4505
4717
757
772
2447
2513
4879
4880
4881
4882
4883
4884
4885
4886
4887
5096
333
572
1631
1711
392
1236
969
3193
2181
3127
2097
3114
3941
1240
2516
1534
2336
1185
500
2426
2560
1790
3316
4932
4933
4934
4935
4936
1678
2279
3189
4607
3105
3106
594
1626
1818
3430
3813
2963
459
3071
4518
4853
5310
486
1255
734
979
1448
1079
2044
3119
3719
4341
5388
6537
4342
2179
4480
5813
6462
6463
6464
4343
5189
2482
1898
4831
782
5146
5261
6087
1232
3887
2545
2578
4035
444
1364
1007
3378
1789
2637
2004
4274
2992
3398
3992
5007
2807
33
582
288
1142
1187
1821
1822
3507
3515
4677
6226
6422
4276
199
3668
5353
3772
2936
3255
3735
4764
5274
5498
5703
5711
6047
6048
4462
1902
2031
2141
3368
1376
1862
2654
2058
2784
3593
5664
5665
5832
1019
895
1072
2902
1757
1516
456
3560
3652
1700
3653
3987
2186
3166
3257
1186
337
2803
3058
2297
3108
3109
228
252
866
2524
2526
4891
4892
4893
4894
4895
4896
4897
4898
4899
2527
1549
1178
3291
1520
3375
1391
2236
1239
1297
3978
4053
4336
4545
4546
3242
3261
5021
5270
1126
4368
4555
1225
1584
2444
2878
3246
3663
3745
3746
3747
1807
840
2421
545
553
1701
1702
3330
736
738
2166
2196
1550
1697
1801
2693
2869
189
674
2038
2040
2127
1607
791
2109
2306
1905
2034
1843
4315
2898
1529
870
268
215
968
1338
1419
1428
3000
468
1314
1960
1961
3293
1375
240
518
843
844
1894
2260
2453
2456
845
3424
4654
3425
3426
211
227
347
1237
1242
3215
1103
1830
3055
975
2661
756
1816
5684
6137
888
1504
2145
823
2366
1729
3260
4473
3385
4094
2806
4970
5176
5177
5178
7045
1610
1759
3178
2197
1057
2853
1115
1521
1935
2744
4231
4364
1266
3585
4568
4765
476
474
181
655
656
2014
4284
658
661
2612
4972
3899
1692
3076
5397
6425
1836
2337
2585
3685
4663
3061
3253
869
4411
2552
2998
3206
4519
4928
2204
3154
4220
5016
7800
7943
8219
3224
450
2592
3196
5519
2230
3439
4307
6405
680
1984
3033
3592
1244
1841
1535
2899
1665
1078
1080
1337
1968
2543
634
1344
1404
3940
4065
1526
3571
5903
91
253
483
1122
2980
2357
2728
2968
3680
3396
339
3376
247
1276
1277
1279
1280
2662
2002
4154
4273
4275
2496
625
2940
931
2176
2375
2652
2653
13
2734
744
2232
4357
4358
4359
2233
2234
3949
4386
2776
4057
1423
1890
354
1300
175
632
267
928
520
1075
1634
2634
3724
4665
5003
5194
5514
5904
6916
6923
6924
6925
5004
5005
5006
4086
2094
2945
3089
3646
3684
3134
2274
3090
3411
1826
4069
4070
4071
4072
4073
4074
4075
4076
3278
5333
5575
5576
5577
1661
688
2078
3890
1272
3738
2259
2493
3492
5784
7431
5860
313
2351
1687
4248
1785
4038
3299
5026
1501
2775
1107
335
1199
839
1466
1910
2395
35
3622
4733
4734
4735
4736
2397
2398
2399
4738
2400
1603
2016
4351
2888
4562
4702
4739
994
1004
5728
1522
3158
3853
4242
5490
5491
5492
4940
5169
6146
6147
718
1765
10156
2997
3530
1839
2311
4084
3185
4083
4085
1899
2601
3438
4024
2570
5038
1593
3070
3681
4112
4498
5759
8015
8342
892
1378
2355
4790
2574
3153
1805
489
544
672
1594
1596
2955
3065
1751
4584
2484
602
966
1138
1850
677
1053
1172
498
731
1044
1609
1611
1444
3338
3715
4513
3885
4552
3344
3004
3120
4008
5450
2413
1233
4465
1719
3942
3943
1229
3174
2635
5509
912
2256
2620
3351
1037
1058
1842
1708
1847
1561
2431
3481
2381
1269
442
1320
2890
3231
3233
3234
4247
4710
4711
2138
1263
2363
1268
4706
2535
1946
4206
4207
4208
1966
3473
2659
3760
4532
5022
3687
1084
5795
1657
2864
4566
5570
2866
3213
3782
2374
4810
3495
5942
1958
1009
4227
4228
3496
5673
3698
3028
1915
1936
5365
3861
6078
6079
6080
6081
3905
4356
3832
2494
1496
2221
558
1742
793
795
1743
3928
1744
154
580
1709
1809
2216
4052
1810
581
1811
1050
1335
3343
66
3802
16
3294
3568
5640
6030
6031
6032
7581
1451
2239
3572
372
1359
894
2582
1947
2486
1884
804
1699
1776
38
119
378
381
1319
1860
3305
4564
1541
1563
3725
3726
1895
3798
2623
5387
5739
6018
6019
6020
1846
3249
7548
6769
3723
4240
4241
2813
7096
7635
6440
676
2045
3066
1670
2096
878
3418
2309
1903
3225
1718
1794
3482
5228
1528
2425
4507
3669
3670
3671
5121
5315
5164
5678
5821
2577
3983
432
2970
3311
1633
2124
1762
132
219
464
1523
1524
465
467
1554
1556
1639
902
276
739
1418
2394
4823
2583
2586
2587
1325
3322
2213
4592
972
1311
1313
2203
2461
1121
269
270
1046
1048
605
1893
1989
2810
653
771
2520
1566
3683
4238
4475
1677
3547
3748
2946
5574
5963
5964
6324
7651
2787
2427
4117
4812
5141
5142
3102
3705
4497
6169
26
95
96
334
336
1205
338
341
2408
5019
5201
358
224
413
1400
2193
2338
2739
3488
3489
3490
1401
890
1791
485
1712
2341
2595
2631
976
5001
3927
1683
2308
3888
1052
2833
827
409
1374
1184
3115
3441
1857
2169
3961
4176
2646
4352
1135
435
2070
3007
3008
3009
2116
2343
1339
1858
3078
1938
2495
2553
3171
4192
3561
4109
6372
5075
3165
3997
908
5622
3336
1425
277
1010
1703
3512
3513
3514
3181
1180
2452
652
1467
4355
3655
3881
1969
3046
4437
743
1638
3774
4347
4525
4326
6308
6196
6648
2863
1748
2932
5215
1927
1032
3069
3156
1800
2280
2022
1367
1389
3524
3525
3526
3402
2597
1660
65
197
201
737
1668
3862
3863
4286
665
5046
550
59
1308
2318
2859
3098
3258
4263
1382
1798
2100
1282
3437
3474
3475
3476
1739
2751
1264
2977
3984
5054
5319
5320
1487
1827
611
1888
1889
1891
2709
856
2208
2439
3005
3915
4143
6095
6883
3542
1741
2820
4028
4113
4863
6873
5804
2323
2725
4542
4602
4636
5651
2670
2937
3226
1565
1686
3727
2564
939
5389
5740
5944
5945
3589
5946
3361
4115
7534
8098
2412
1582
2247
3067
4346
3765
2354
5989
5990
5991
5992
5993
5994
5995
5996
3408
4757
4758
4759
2959
5941
537
2409
448
4173
2468
2954
3414
4318
4218
4488
3270
4202
3462
5760
5707
6381
5123
4430
3359
4509
6553
6554
6555
6453
3082
3454
4212
2342
2639
4510
5011
1430
6939
6235
6940
6941
3458
3753
3754
5065
705
1659
2140
2142
2143
1771
1941
3958
2686
4379
6140
6346
7794
3586
7639
2307
2713
3743
4061
4183
4199
6377
6378
4745
6851
7804
7805
2384
2837
5488
3889
5154
5553
3277
5366
6878
6897
7220
8606
8640
8641
2581
3014
4261
1461
3576
4349
1988
3520
1345
5165
10804
2504
2695
2531
2073
2415
1500
2446
2448
2275
3613
4433
151
4811
603
1869
1871
2732
3598
5200
5214
5233
3518
5439
5672
6815
2726
1166
76
206
755
207
745
4585
5584
5627
1231
3186
3188
3190
3191
5505
2805
4391
5403
5500
6125
6431
6932
7641
7642
6703
7182
1489
2933
3609
2978
2539
4845
5328
2979
4606
1259
2404
6200
808
4511
5192
4131
4634
6822
4366
4407
3639
2760
2772
2983
3341
598
4215
4217
4754
5660
5777
5949
6527
6528
4803
5135
3157
4839
3548
5826
4844
5765
6243
6855
6856
5447
6929
7000
4303
2809
2371
2372
2877
3384
2862
2710
1429
1981
3449
4340
4416
3088
2332
5411
5415
6036
7188
5416
2175
2198
3803
5338
5441
5925
7192
1224
2289
3167
2896
7397
8207
3168
3170
577
1792
1793
4134
4135
1796
1570
3982
5497
814
3027
3133
5469
578
1088
2419
2182
5156
6455
6718
7970
6719
7971
6720
6721
6722
1814
3763
4415
4720
6783
5070
5286
6000
4063
4064
526
245
1369
3387
1024
1354
810
2700
4813
3931
5212
5213
4907
4967
3409
6638
6885
1141
2870
4089
6010
4947
3377
4151
5688
5689
5690
5961
6423
6729
5691
6323
5149
1027
2283
3126
822
1940
3998
4046
2162
1867
787
3665
2886
3651
3221
1973
5325
7347
7486
7496
5267
6586
3673
3679
5912
5913
5914
8313
9035
9469
9483
9484
9485
9486
2647
2799
4020
3173
401
2718
2907
4334
4821
5499
4468
7229
7230
3922
3945
4477
7361
2588
4281
4486
5615
2173
2207
2640
3510
4517
2600
2028
1216
3340
3353
3478
3696
3761
510
246
1637
1640
3835
1642
229
798
2340
3256
160
5185
2190
2941
5579
7012
7055
7056
6167
5347
5630
1589
2433
907
2629
2950
460
1851
1544
2666
4095
5532
6199
6282
6283
6208
6090
2991
6904
7250
7690
789
2312
2313
1450
3217
1324
2362
3318
2566
5124
5612
150
539
541
5119
3742
3499
3812
4270
2811
1939
427
1449
1452
1453
3551
3552
254
305
1105
1127
2947
2948
2555
3022
4262
5126
5306
6311
5307
3827
6931
7146
7147
5360
5045
2949
4005
4977
3601
4354
2976
2261
1213
2777
3649
4565
3440
4652
4289
5561
5616
899
3222
15
3373
1934
4388
965
1486
4544
6701
6495
6496
2819
235
811
22
2346
2007
3630
3035
3038
4150
2246
3366
4551
4553
4554
2701
5979
4078
717
2180
4559
2183
3659
4496
1432
2858
4524
1558
9974
8063
9110
6531
6874
8577
5967
8773
5379
6707
2883
3643
3320
4203
4306
4623
5719
5950
5951
5952
5953
4798
5256
5257
5258
6271
508
5675
6330
7349
6316
6468
8845
8846
9168
4159
4997
10328
7798
10329
9214
6625
4246
2691
4155
4846
5088
4806
3908
1752
3446
3985
262
942
944
3494
4996
5279
5745
6285
2952
3112
4277
2202
2694
2844
2931
1620
3068
4819
2984
3674
4142
2625
6348
6349
5113
6627
6841
5692
6093
6918
7287
7924
8048
8049
8050
8051
6352
8309
8673
1838
4254
2854
3486
3603
3605
4194
1690
2029
1385
4673
1089
1547
1714
3145
4478
5997
6053
3117
6098
2829
5966
4682
2462
4826
4260
6163
6789
6847
1766
3999
4579
5186
8631
8820
8821
6112
1788
4033
3790
5477
5725
7628
7629
3903
623
1764
2449
4006
1309
3037
4866
4007
4009
4010
4011
4012
2067
3850
4204
6383
4469
4949
2856
2915
6861
2782
3923
394
2144
516
1649
1650
1651
683
2054
2055
2056
2059
2423
4152
3199
7758
7759
7760
7761
7762
7763
7764
7765
7766
6354
6355
910
4699
4492
4838
4371
5128
3180
4047
6670
6996
6997
6998
3296
5592
6428
4659
5521
7838
7839
8122
8143
4687
4016
4120
5216
2619
2617
3594
4180
4984
4983
2964
6920
5330
2750
3734
2460
3637
1440
513
2542
4985
2826
3528
3529
3052
4380
4611
4333
5385
2467
1560
4572
4824
4825
2995
4832
5334
2996
3348
5557
6620
5718
7176
5899
6338
5130
479
3711
5018
6988
2632
4643
3183
3469
6717
7331
7476
9305
8011
8140
6989
7788
6990
6991
7785
6409
8104
8179
723
2199
2200
2201
2205
2206
1022
1972
4514
4515
4516
2752
2663
3287
3289
5040
5041
4191
4864
4903
2291
191
194
836
4609
5658
5681
6662
2589
5502
854
4362
2721
2222
5076
5077
5078
5079
4201
3697
2079
4612
6244
7060
7525
4695
4015
4140
2115
4003
4719
6342
6343
4843
5757
6184
937
2887
6933
7131
3970
2763
2497
707
5869
3229
1154
3040
5541
5542
5543
4370
4860
4861
5346
6870
4862
4577
6868
6869
7079
7419
7963
8068
8069
5699
6786
6417
8596
8645
8826
6790
8326
2288
2378
2986
3549
3755
5067
5259
6639
7345
7283
2867
5564
6006
7284
7285
7286
5297
2125
3570
1067
2884
5649
8246
5530
6849
10207
10013
7822
8154
4121
3063
2245
3991
6014
5283
5480
3623
4127
5082
6519
958
158
1613
1689
2711
2712
3032
6784
7882
6935
7218
7219
5791
3574
1179
5483
5827
2836
1108
1455
3553
3554
993
4369
4698
5269
5572
5812
3555
3282
3925
3815
3953
3394
6170
6171
2956
5696
2797
532
5155
5157
5158
4311
6474
5136
6108
4769
3767
1728
4763
5933
5998
2082
1493
2957
3615
2550
5864
3139
506
1612
2128
4034
3556
3838
5825
6063
6064
4097
746
3442
3879
3248
4269
6091
4987
2912
5857
7122
7152
7421
3856
3413
2707
4441
4774
6825
7160
3752
2240
4331
2938
4948
5405
6459
61
1799
670
4494
4495
3716
6617
6618
5836
3541
4420
2282
4590
4591
7551
5363
5884
7482
7483
3739
6294
588
7132
7381
7439
2541
4807
4712
5485
7217
5540
6327
7249
713
2163
2164
2165
3129
4044
4487
4060
1514
3252
6250
4321
4779
2159
4313
5591
7277
7278
7279
6238
1930
6465
7170
6445
5412
5614
7387
7770
7783
8629
7850
562
1767
1768
3306
4013
1342
4976
6211
4014
792
604
373
3808
4651
4653
2325
2326
1156
3616
2779
2113
2568
4408
4409
4410
4320
3875
2316
4628
3210
733
6315
8458
1074
1439
6833
7543
8195
5184
2492
2250
3584
3606
5743
5848
5849
5850
3714
4874
5083
6879
5518
5936
5937
5139
5536
5973
3650
501
3207
6116
6401
6665
6862
7490
5386
5238
4909
3627
2696
4184
4350
4499
2212
2895
4171
4531
4166
3421
2644
4483
5713
3975
4104
7398
9348
5714
5715
3678
3314
3831
5755
4251
7413
3263
5565
5566
7400
6212
1377
1036
1348
2344
3352
5643
3354
3356
2030
5181
2107
2483
1227
4834
4239
3926
2383
4122
47
4800
6830
606
2603
4328
376
3285
5206
7086
7087
7088
3844
7089
8200
8201
3797
8623
8202
8203
8204
1134
2292
3841
4438
3404
5701
4965
6557
7901
6061
6062
4604
4383
7346
8304
8359
8726
8918
6102
4111
3300
3204
2967
3477
5402
3661
6253
5931
7270
6008
5472
4209
5770
1604
2050
3508
4335
4337
3135
236
773
842
109
387
1332
3331
3332
3333
3334
5620
5621
3335
1333
2281
4588
5030
5329
5147
4299
3208
926
3640
4398
2903
4718
6129
6149
6529
6530
6532
2993
5125
7806
7874
2755
8507
5694
2857
5132
6022
6896
6944
6992
7360
7748
9479
9862
9863
10041
8962
5506
9434
9435
9436
9437
9696
1265
5763
214
7418
7420
3010
4681
5837
6471
6994
7453
2840
3783
5207
5430
7030
7031
7032
7033
4979
5686
4049
6232
6233
6234
4296
6350
7705
2430
4783
4784
6826
1569
1646
3629
5773
5870
3836
3837
4195
5032
6946
6056
6057
6058
2832
6240
6985
9556
6901
7023
3113
3342
122
417
4705
4257
5025
6076
6768
6770
6771
3100
7999
4169
8777
4692
4743
6752
6753
6754
8000
5624
3077
5569
4249
14
2537
4319
4404
4914
4674
6016
7040
1852
8010
8173
1585
3741
3744
5349
3230
2314
3303
4625
4626
5790
5335
6793
6794
2132
4481
7727
36
5878
6001
2643
3056
6587
7530
4425
4988
2262
2160
4429
4560
6666
4561
6669
4563
5779
2424
2680
2679
4147
2429
4282
6344
1283
3275
3276
7789
7790
7791
4715
7282
6758
1769
7315
2842
5028
7461
302
1758
184
666
667
671
2023
4268
3419
4537
6127
6419
6420
6421
4312
4288
6386
4148
3936
2068
4149
1770
4610
3904
5262
5392
5976
2865
1955
2522
4888
6921
7008
4660
2548
3194
3786
4158
4920
852
2962
4330
6449
4993
2435
3245
2112
3003
3631
4440
4442
2594
3374
5680
4731
5350
5562
5636
2170
4556
4557
4982
5667
7318
7851
8033
690
2416
862
2505
2507
1513
3647
5891
7491
3648
1696
3809
1967
2273
3128
3502
4775
5786
5787
5459
6142
3298
8120
663
8160
8598
8670
7814
8214
9096
3237
9202
8662
9024
3029
8625
5160
6088
4693
4145
6380
6755
7444
7606
8338
2943
777
4962
5293
3787
6245
6749
5294
5295
3111
5545
7140
7141
7142
7143
5458
1416
5806
2532
930
17
82
83
231
1270
1271
1273
1441
2638
1782
3619
4036
5547
7944
7945
7946
4904
4905
6636
6121
7186
7608
3757
5820
6779
7446
7447
7448
7449
7450
5978
4327
4586
1933
4181
4182
6543
3407
7897
6684
6685
6138
7558
5854
7072
7369
6448
7463
7681
4709
3443
3776
5442
3297
3898
4529
5587
7276
3428
5588
6038
7271
7272
7273
7274
5590
3427
4629
4873
5409
4225
5645
5716
5717
5720
5721
5722
3479
3919
3223
2263
5434
5531
5533
6806
5534
3347
6524
6683
6759
7246
3429
6536
6890
39
156
163
8085
445
1488
2614
3595
3596
3597
5391
3599
5815
5843
3600
1490
1492
6150
3822
2802
5520
4042
4782
5008
1619
4958
4989
6569
6926
6045
6046
5874
6679
2793
5163
5166
72
7936
8984
2608
2778
8035
7724
7101
5523
8524
8536
7112
6387
7167
8220
8221
8222
7223
8581
7003
8185
8717
7422
8939
9259
1223
7174
2789
3218
5171
5172
6470
7038
2917
701
5285
5298
3877
5060
5237
6960
4749
6907
5771
3959
6177
7677
5292
4435
7133
7183
7987
8094
8095
7139
5922
2747
5098
5099
5100
5101
5102
5103
5104
5105
5907
7339
7416
7522
8310
8459
5709
5894
1192
864
2551
4926
5322
4927
3690
3870
4300
5923
5924
5926
5789
7019
4219
6336
7782
8571
9547
4128
6328
9208
6329
4593
6692
6693
7962
7964
6694
10408
10409
6695
6696
7136
7484
7959
6334
7745
7894
1110
7340
7436
7437
2123
6007
7511
8318
8696
8697
8698
8552
8758
8759
8760
7960
5289
6525
7773
7774
7775
3688
8624
6580
6313
8381
9014
9157
9158
7138
7644
8314
9584
9159
9160
1866
4139
5453
1575
4405
5800
1909
4153
4297
5354
6864
7209
6077
5735
6787
3036
7570
8004
8386
8534
8564
6175
4617
6577
1914
6041
2672
10
139
144
377
514
519
1653
1656
1133
3516
3675
4374
4573
5906
5908
7267
7353
7509
7510
1100
8457
5960
7541
8468
8469
8470
1132
1583
4571
7589
5487
8501
6477
7907
6702
6197
6461
7674
7675
6412
8655
9120
8687
8005
8778
7565
3379
6114
7554
5548
5580
3483
5140
6979
6523
6728
7555
7632
7633
8228
4675
6745
7718
6746
5225
7043
7103
7597
3948
6263
6275
7876
5550
7742
5674
8527
3412
4022
7075
101
5358
8968
9101
4760
8568
3907
7538
8611
6688
8489
8265
2443
3604
4471
5229
6189
6310
6578
4482
5844
7459
7460
9054
5272
2830
5199
5202
6015
2900
5173
3824
6034
6037
6039
3537
1470
4353
2252
6302
6472
5091
6024
7256
3780
4804
4916
6829
7016
8031
1586
2391
3740
2720
5954
4975
6089
2258
7372
7373
7539
7540
5955
7542
5384
8319
8471
7544
7545
5956
3519
4641
5608
6172
6905
6096
7828
5957
5958
5959
4344
6466
7858
6122
5435
7205
5898
7636
7637
1716
3939
3699
7615
4285
4772
8438
7892
7529
404
2327
2914
5275
5276
3132
3859
3122
2969
3536
3758
5799
4522
2487
4451
4875
6880
6881
4951
5234
3676
5915
6647
7516
7517
7518
7519
5916
7520
5917
5918
5880
7478
7113
6556
6071
7703
6778
7779
8551
8586
3858
9143
9144
2860
3857
6082
6083
6084
19
6403
6085
6086
6510
7157
8124
285
4621
7428
2511
4397
4574
7576
8400
8401
6646
8576
9027
9028
9029
9030
8402
8403
8404
8936
8859
8659
9337
9338
9339
9340
9341
5406
4630
6804
8097
2350
8757
8766
6961
6260
6353
8123
8966
9287
9641
9642
4067
2131
4439
5254
2727
3645
5885
7479
5452
5886
7480
7481
5887
5888
5277
7462
7487
5889
5890
3826
5871
6322
8797
8798
8799
6040
4096
5425
5802
6570
7193
7585
7190
7932
6937
2692
5062
3212
4939
5525
5064
1896
8210
9059
9060
9061
5218
7011
7626
8806
5583
9424
8169
3484
5650
5769
1414
3491
5780
5781
5782
4308
7425
7426
7427
7429
5768
7320
8398
8399
7430
5783
6968
7928
3493
5867
7467
7468
7469
7195
8280
8281
8282
8283
8284
4955
6186
6190
6214
8744
585
6504
9273
9274
9275
8781
8839
8897
3400
6848
7010
7275
9154
8720
9505
9506
9507
5217
5563
5063
3626
7536
8106
8847
8848
8849
8813
10081
4056
8423
10185
6407
7166
8850
6439
9083
8217
9252
9526
9527
9528
6882
8358
9798
6326
7771
7772
4402
1775
3420
4027
2823
865
2442
2509
2510
1422
3149
3736
3737
4871
4872
1954
5196
3389
5309
6239
5197
5478
5015
4295
5327
7071
7225
6357
7465
7222
5798
4305
6808
7197
8299
2293
4605
8969
8970
8971
8300
7224
6973
7068
2925
8192
2871
4917
5235
5236
3281
1912
2248
3884
5578
7106
3849
5221
8215
8216
8218
3828
5195
8375
3980
4645
7661
4689
8144
1548
8871
8872
8553
8554
8793
9013
9467
7650
6865
8981
10022
8183
9687
10172
10173
4973
9704
10273
10291
10364
10365
5000
5600
8650
10122
10422
10366
10297
10298
10378
3096
3110
5932
6188
9536
10444
10445
2146
4467
4417
4849
6493
3732
7871
7872
7873
6539
6540
3386
2345
4233
4583
4631
4491
6247
7710
6593
6594
6595
6596
6597
6598
6599
6566
6712
6713
6714
6126
1518
3635
8148
9152
9570
9153
3087
5408
6391
5410
4750
5511
8854
4280
8405
8989
3116
9446
9195
9334
9853
4728
482
1676
3103
4002
2489
4777
4841
4842
6213
6215
6210
7693
7098
7569
7232
5733
2958
3954
6441
7846
6813
8306
7319
6995
7969
6033
6304
5317
6681
3405
6055
4814
7560
6682
4666
6735
6736
3308
3617
3971
7984
7985
6737
6738
4667
5526
5528
4162
7201
6217
7887
9067
9068
7895
7896
6541
6542
2353
3770
5398
5539
4037
7252
7202
6488
4470
4472
5424
8685
8518
8605
9188
9217
9218
9219
9220
6267
3910
3704
4953
6120
4051
6236
6237
5432
5047
5824
1672
3175
3280
4039
6224
5086
2627
3914
3932
5947
3118
6356
1597
349
1256
3781
5830
6011
6012
6013
3579
5970
6154
7662
3701
6367
7663
7664
7235
7795
7009
7537
8522
6972
6591
6584
7730
8307
8491
5456
2081
7034
7210
7836
1070
2043
5288
5048
6358
6950
4205
1357
3372
1433
3240
3847
4394
4030
6051
6314
6317
6318
4587
4954
6686
6497
6498
6499
6501
6502
6382
7338
7472
3164
5504
3989
6198
8427
7807
7808
4937
8139
7485
6911
8428
8109
8434
8435
7535
8642
1212
7731
4794
5066
1864
4703
5631
6821
2108
2633
3916
511
5617
1828
2621
3057
6614
6652
6744
7014
7029
4213
6433
7156
7328
7343
6607
2591
3151
7916
7917
8713
7918
7173
2756
4081
5115
5116
5861
7015
7451
8414
8415
3364
4419
7521
9134
2315
4223
5343
6589
6715
6748
5560
6370
7004
7986
7988
7989
507
1615
1617
1618
4959
2491
5110
8725
8772
8774
3845
9094
2939
5260
7692
8152
8574
4818
8876
8575
9165
9359
9360
9361
9362
9363
4655
6726
6727
9006
9688
9689
9690
9291
7990
8892
8664
9382
7929
8293
3934
4615
6151
6152
6153
7488
8924
8727
7955
6860
8379
8716
8754
9286
8387
9258
9459
673
1497
2032
2035
3769
4230
4304
4322
4323
2036
9761
9762
9609
8755
8756
8353
8361
9193
8569
8804
9383
9384
9385
9386
8922
9018
4857
9468
6802
4309
6388
5090
6711
7513
7611
6573
7883
10080
10128
6104
5017
7621
7622
7623
7624
7880
6887
8682
8683
8684
8495
8528
9042
8529
8530
4264
7648
8234
9102
5928
9986
6201
5610
7694
10147
2410
4696
4768
9207
8520
9097
8532
8764
4190
528
451
4392
5746
9132
9133
5144
9283
9284
9109
9098
9099
9395
9635
3544
9147
9226
9621
9478
5758
6899
9020
3638
5137
5876
5877
4691
6292
6118
8775
9885
9886
9884
1825
3146
548
5095
5474
5475
5476
8763
10148
10242
10243
6207
7688
7689
2450
3731
4582
8578
8579
8580
9539
9166
2333
6747
8241
9588
9803
8476
9346
9684
3162
9368
9907
5873
5628
6203
7233
7489
3573
8436
10090
10091
10092
9908
8751
6842
8057
2479
4830
924
2664
6850
7826
5920
597
1865
5607
6773
7625
6206
7695
7697
7698
8583
8584
8585
7699
5282
6395
7819
4918
8649
248
857
873
1402
2488
858
2480
6853
6533
2324
3733
3901
5742
5710
7394
6225
2681
5050
5051
5052
6886
5744
6106
6402
7403
7130
6723
2434
2893
5249
5250
5251
7714
7975
7976
7977
7978
7549
5817
7333
7376
7647
8475
8373
8007
8393
8779
8374
7407
7408
7671
8238
8388
8171
8484
2006
2942
2973
4165
5296
5299
4639
7144
7145
7402
8589
3415
5264
7134
6165
5161
7026
7027
5642
1446
3051
3144
5493
5494
3534
5801
5803
3535
6451
821
2377
7102
8212
3045
8437
8526
8974
9041
8923
8213
7335
298
7835
7992
8348
8349
5152
5143
4255
5231
4658
6889
7065
7020
7021
8164
3764
7405
2828
6065
6487
8384
8385
2024
1386
3455
3048
4536
6655
5368
3654
4216
5738
3457
4662
3459
3779
4294
6284
7737
7738
909
2432
7036
1097
4384
274
2521
5724
7767
7438
891
2562
2563
4981
3917
6128
6130
6131
6549
7832
7898
8420
8707
5807
7374
7200
3729
1691
2150
3562
5822
5823
3900
5524
6113
3902
5943
6676
7951
7952
8290
7442
6162
6202
7609
7665
7833
7666
9223
9239
9324
8708
5571
8194
9240
9241
9242
3913
7126
7706
5751
8236
8237
9867
7687
7843
8334
8660
3471
3909
2174
4100
6299
7753
6117
3829
4105
6029
7185
7634
6119
5420
5421
5422
5423
7191
5224
7095
4324
1937
916
2604
2605
4968
4969
4422
9410
9745
4971
4186
4189
2722
3466
5131
6411
4317
7389
7834
6413
7751
7830
8656
9194
7831
5357
7107
7198
6456
7673
8555
8556
8137
8594
8675
6927
9519
8559
6629
7423
8560
9791
9997
9792
9793
10295
9229
9970
8862
8100
9112
3522
8692
8715
9552
9191
1666
7669
3313
5556
7260
7261
7262
7263
8330
7264
3955
8027
8328
8329
8877
9375
9678
9813
4058
8749
1112
3944
6166
7752
8620
8621
7118
6256
7726
7386
8047
4751
1499
3620
3621
3625
4697
6812
8107
8761
8811
8812
8230
8721
8776
8929
8679
9063
9409
9411
8231
3607
4767
5853
5855
5856
7592
8926
8927
7092
7326
8105
8346
8205
8206
7840
8131
8928
7239
8506
9406
9407
9723
8409
9954
9955
2771
1188
7022
9113
9551
9947
9408
8232
8930
8931
9089
9155
6384
7127
8180
8832
6824
8975
9021
4066
3284
3839
5
5985
6066
4680
5377
6254
6255
5107
4679
825
6951
7996
6983
8138
2909
4700
2020
6480
6761
6762
5797
6763
5266
5268
3791
7884
2098
7716
8937
8938
10177
6371
8842
4637
8688
8689
8827
8863
8250
8864
8865
9282
6632
8743
2906
3692
2533
2889
2994
2547
4919
5332
3994
4901
4902
5927
7504
7526
7527
4999
7169
9516
9669
9639
9300
3339
8810
9891
10071
9892
8907
7849
9248
9249
9250
7257
9318
6656
7067
5252
7117
8226
8227
8229
8186
8187
8188
8189
8190
6677
8904
8905
8995
5180
195
278
704
1804
2139
706
2147
2148
4466
2149
4087
4464
7046
7047
7048
6839
8045
8046
7612
8590
1515
6293
4672
7743
7938
8278
8615
8616
9151
4867
5659
6957
8617
7744
7746
7854
9759
9760
8906
9358
7236
9604
9198
9281
7931
7933
9629
8125
6281
8126
9859
9807
9662
9663
9664
9504
9622
9304
2021
4298
6097
6072
8439
8686
6583
6049
9215
7707
8588
9156
9230
9322
2437
9461
3243
6025
8741
8988
8040
9668
6107
9611
6242
7957
9481
9738
9871
9623
9561
9825
7366
10017
9624
1291
3023
3250
3251
5555
8037
8060
9501
9712
9874
7194
9136
10105
5794
10106
9625
9626
9251
9503
9788
9789
9924
8587
2579
1698
4941
4942
4943
4944
4945
8690
9148
9216
8159
4575
3050
5606
6674
6675
5337
6209
7384
8885
8735
9379
9095
9703
9705
9972
9706
9380
6017
5407
9707
2278
2944
4580
6567
3220
3498
9271
9299
3464
2841
4279
5747
5510
7242
7243
8333
7433
5819
6002
7579
8196
4325
7412
8915
8916
9401
5687
7357
10323
10324
9357
10256
10300
10373
10393
9402
9138
9569
8557
8043
9118
9554
7002
689
4601
9378
6434
8714
9702
9932
9933
9824
4848
5461
6859
8062
5109
7728
9376
10014
10163
8525
8888
3382
8263
9128
9265
9381
8911
8828
5271
9145
9396
8366
8521
9171
9714
4792
8908
8537
8162
9433
9374
3608
9607
9701
7379
9387
6579
7949
8092
8499
8745
8724
9276
9636
5841
8545
8490
8441
9036
9037
9038
9039
4649
5818
6891
4960
5598
991
6615
3001
4761
6248
4688
7712
7713
8591
7919
7288
7289
7290
7291
7292
7293
7294
7295
7296
7297
7298
7299
4272
6840
8335
8336
8337
8301
7300
7301
7302
7303
7304
7305
7306
7307
7308
7309
7507
3843
7863
8454
7889
9049
10434
7090
10515
10516
10517
8267
8955
8956
3064
5382
5383
9429
10192
9430
9849
6408
10038
3972
4755
9831
10178
9686
10051
8942
10179
10180
10039
5568
6219
3391
4714
5682
7375
6180
7678
971
2731
2733
2735
2736
1572
5087
6975
5089
5205
7078
6986
8134
8135
8136
8191
6178
7680
8815
5193
9306
6780
9657
9658
9307
9308
9309
10609
10610
9310
9480
9780
10066
7631
10203
7627
8376
8535
7837
8657
7587
7370
8497
8498
8500
7942
4690
8739
8563
9269
9270
8740
7954
9189
9190
8658
8531
8901
6306
7754
8636
7755
8622
7756
9391
2795
9640
9939
9941
9942
9943
10123
10124
10125
6261
7972
8562
9453
9722
4099
6305
7768
6307
9627
9951
2753
8835
9323
7177
9670
7733
8607
9910
8738
9612
9697
9868
10097
10098
10099
10100
9911
9912
10101
10102
10103
10247
10353
10104
9913
9956
9914
9915
9916
5342
8467
10107
10108
9671
9672
9525
5940
6600
7532
7533
7821
8748
9615
9851
9343
9405
9040
9724
9957
9958
9725
9726
9727
9952
9987
10149
10133
10263
3349
10354
10355
10134
10135
9460
9953
10265
10266
10267
9944
9091
9392
9393
9103
9104
9105
2773
5071
5127
6987
7643
3406
5700
8546
6705
9114
4080
10350
10018
10057
10348
10349
10626
10183
10301
10302
10303
1546
9826
10045
6892
6160
8088
8089
8833
6309
2675
1150
5039
6654
7757
8819
8985
9320
9321
8834
7017
8163
9225
8836
8837
4683
8488
8791
5693
6447
6512
6301
7801
7877
9301
9078
9079
9080
5968
5921
7524
7255
3946
8327
8987
6565
8782
3160
7041
8783
8784
9296
9297
9313
9445
7859
6168
4378
7052
8665
9197
9162
9749
9750
9751
7563
8460
8461
8158
8878
8879
8880
9377
8881
8882
8868
8894
9057
9502
9058
8074
8728
9264
3239
9628
4062
4125
3842
6050
6185
4126
6325
9720
8704
4753
9673
10834
5223
7329
8296
9236
9237
9784
9979
9980
9981
9982
9879
9880
9881
10063
3504
2911
6969
10197
10198
10199
5766
10321
5081
9836
10392
10478
10479
10244
5068
10351
3819
9983
6576
7941
8410
9011
2743
10413
10555
3268
10611
10612
10480
2716
2559
4938
5069
7356
8018
9353
10550
10551
10552
10322
10064
10065
3531
4390
9508
9746
8599
9520
8076
2463
9794
9795
9521
1476
9796
9797
7440
6643
6663
8038
8805
10153
10154
10155
7238
9187
8331
4361
8920
9115
9398
9399
9716
9400
8161
9721
7475
8430
8019
8807
8431
9959
6194
7686
10136
10137
3575
5828
5829
7803
8480
8638
8639
9766
10082
6026
7947
5305
8742
9278
9247
10187
10268
10360
10269
3995
6195
9370
9695
9698
2786
9928
9699
1384
876
3444
9700
9524
9934
9935
10282
9936
7495
8248
9294
10118
4250
9200
2194
9605
9771
8086
9988
9774
7359
6364
8360
8362
9008
9009
9010
8363
6444
7719
6375
8592
6774
5663
3097
8001
8002
9531
4116
6043
9800
8816
10002
10003
10004
9989
9990
9991
9606
9757
10240
10259
10119
10281
7567
4161
6362
5211
6560
7994
9439
8519
8960
8961
6623
7796
7206
9667
7961
9169
8547
7797
8482
9106
9107
9108
8700
8472
9231
9232
9543
7584
9814
9815
9808
8483
8485
8486
8487
9844
6664
3500
5785
6691
3329
7921
7956
8277
8750
8752
9280
9637
7958
7432
5118
5303
5503
8701
5361
5872
9233
6805
9234
9235
6814
6221
8020
4245
8406
6469
6974
7042
4418
8172
8129
7860
7861
8792
9618
9619
9319
9665
9666
8549
9906
10096
9909
9821
10095
9781
9869
9732
9860
3470
3315
5426
5756
7417
6834
10059
7948
10195
10310
9124
9557
9558
10383
10290
10465
9923
10547
10548
10549
10466
1457
6204
6910
7184
9210
10410
6791
8365
8947
10411
10412
10538
4950
10601
9495
9717
10683
10602
10467
10384
10196
10060
2781
5145
5148
5308
7013
8157
8883
8884
4040
8145
8133
8394
8873
9634
8573
9130
8142
9560
9131
9562
9563
9887
10061
9960
8951
7607
8523
6562
7902
8711
7903
8709
9245
9246
8710
7904
9087
10054
10193
10120
10188
10305
10308
10309
10194
9961
9962
9963
9620
9870
8702
8703
8705
8706
10370
10371
10372
10143
10352
10433
10531
9937
9938
8786
9015
9326
9332
9333
10139
8890
9412
10325
10374
10359
8910
10415
10416
10438
10494
10417
10425
5909
8958
10428
10505
10429
6508
9100
8634
9116
5581
7344
9553
9167
4990
9589
2370
3550
4684
4707
4708
6394
5031
7818
9842
9843
10028
9590
9837
6810
9488
10026
10027
9838
9839
9533
9777
9846
9840
9841
5736
5367
9776
152
7363
9587
10029
9535
9537
9538
10398
10487
9810
9855
10558
10559
4527
10620
10621
10560
10561
10622
10506
10507
2111
4360
4434
10570
10571
10572
10573
10574
10288
10418
3487
5776
5778
10495
10628
2359
955
2715
5074
4461
2717
4059
7847
8633
10659
10673
10575
10576
10508
7085
10440
10526
5302
10594
4301
10645
10646
10595
10596
10577
7159
10629
10630
10631
10632
8619
10649
1837
4019
2414
4762
4526
9744
9973
5595
4079
5209
4747
10280
10368
8279
8967
10170
7595
5465
5809
8541
8542
8543
8544
8998
10292
9365
10293
10431
10519
10524
10525
10369
8345
8127
8999
8694
10432
10449
6971
10650
10522
10642
10680
4869
6877
10702
10681
10250
10703
3211
10534
10717
10735
8042
8808
8809
10758
10759
10736
10760
5897
10613
10657
8934
10699
10633
10654
7823
8351
9007
10684
10685
10655
9316
9472
9965
7547
10704
8350
10728
10729
10730
9740
10748
10660
10777
10778
10749
10779
10780
3933
10294
10375
10750
10705
9968
8372
9985
10226
10719
10738
10739
9456
4744
5468
6105
7215
6452
4256
5935
7528
8170
8462
8463
8464
7852
5466
5470
7212
8053
8295
3380
7213
7214
9302
9654
9655
7973
8767
8768
9898
10083
10235
10236
1738
10347
10237
10238
7199
8289
10357
10358
10239
1924
8972
8275
8963
10875
8964
8965
9438
9440
5013
6943
9718
9450
9949
9950
10129
10130
10131
10639
10132
9741
9742
9743
9969
9971
9441
10084
10085
3453
5741
10241
9899
9900
9656
9758
9984
10765
10766
10789
10790
10695
10812
6484
6231
7679
2923
7711
7868
7869
7870
10825
10826
10827
10803
10835
10754
4174
9455
3921
9754
9755
3805
6021
7910
9975
9756
8677
1372
3397
9976
10145
9263
9977
10146
9978
10838
10839
5637
10851
10840
10836
10841
1361
3155
10289
10844
9592
10859
10860
5662
9767
10871
10872
10861
10845
10846
4952
6193
6700
7682
2815
3079
5183
8565
7683
7684
10862
10863
10847
10848
9002
3756
9454
9457
9573
428
1442
1445
1447
8977
7736
9470
9458
9055
6785
7934
8291
8732
9272
8733
8003
7708
9086
10617
10864
10873
10849
10865
10850
10837
5232
6544
7258
7105
10842
10159
8070
8824
8825
9355
10230
7997
10338
10843
6843
7776
10852
10853
10854
10828
10829
8914
10674
10696
10446
9003
4858
9404
9728
9729
9730
9462
9463
9345
9763
9764
9765
9999
10527
10528
10714
10731
10697
10698
10857
9993
10304
10337
10402
10858
9034
9482
10869
10870
10813
10814
10815
10435
10578
6303
10047
2897
1388
2249
3460
2668
5253
9675
9848
9464
10037
10189
5893
8059
8869
9349
10306
8013
4160
7204
8787
8980
9298
8788
9056
9509
9801
10307
10190
10191
10245
3848
10637
10830
10126
10583
10727
10809
10831
10791
10767
10740
10720
10721
9290
10741
10742
10726
7128
2567
5811
3804
6230
5339
7709
8239
8240
8957
10751
10752
10221
10781
10753
10671
10692
10693
10694
10782
10783
10784
10810
10768
10769
10770
10771
10535
10792
10793
10794
10795
10772
10439
10773
9314
9659
8870
9903
9904
9660
9661
9905
10086
10087
10088
10089
10456
10532
2339
10598
712
6661
7464
7937
8734
23
111
116
5729
9266
9267
7330
8425
9632
9633
8818
9883
7939
7940
8601
8736
8737
10651
10652
10533
10599
10796
10816
10624
10832
10833
10817
10818
10797
7241
10855
9150
9967
10866
10867
10868
10856
10798
10590
5191
7064
7066
8184
10643
10644
10819
10820
10706
10251
10477
10592
10656
10787
10761
10788
8746
9753
9995
9996
2042
10150
9146
9568
10151
9894
1351
9992
10072
10229
10073
10224
10225
10335
10336
8765
9285
10405
10406
10407
10227
10228
10152
10811
10762
10737
10718
10682
10675
10676
10677
10286
10567
10579
10634
10635
9773
10450
10678
10679
10700
3465
3176
4129
6333
5748
5749
5750
6678
4855
6572
10588
10715
8830
10732
9770
10733
10755
10756
10785
8516
10808
10734
10716
10701
7058
10722
10636
10580
10509
10430
8198
8912
8913
10497
10498
10565
10566
10111
9403
10254
10255
10568
10499
10500
10523
10569
9510
9809
10625
10627
10667
10668
10669
10496
8155
10419
10270
7879
7965
10138
9597
9598
9599
7900
3086
8699
9227
9228
9175
9616
9617
9850
9852
9600
9998
7875
9522
9523
9325
9327
9328
9329
8390
9674
8790
7470
4382
8075
6900
9648
9649
8429
9917
8090
8091
8093
8511
9090
9555
8648
8841
10457
10458
10231
10339
10340
9835
10403
10489
9415
8466
7053
8647
9186
9062
4290
8570
9369
9416
9823
10562
10563
8663
5626
8247
6161
7668
7670
7245
7983
9045
9196
10623
799
10564
10490
10491
10492
10341
10342
10343
10344
10404
8992
10513
10514
6363
7602
9499
10670
10672
10757
7725
8875
2167
9373
10786
10220
9786
10202
10326
4445
7747
8151
6775
8789
8874
7070
9137
9372
10396
10481
10553
10554
4608
10441
4504
6621
6622
9512
10327
1564
8676
9209
9432
9737
9739
9601
9608
9866
10050
10052
10356
10397
10482
10483
10557
10618
10658
10619
10661
10141
8513
10079
10276
2270
9490
8225
3611
3874
6803
7061
8932
9783
9614
10367
10377
10442
10443
10520
1849
4101
2540
4102
6287
6288
6289
6290
6291
4103
10233
10315
10589
10591
10521
10593
10686
10707
10687
10662
7620
8444
10246
10688
10689
10690
6978
10711
10712
10484
10556
10363
10614
10615
10616
10485
10486
9117
8950
2184
9422
9423
9540
9541
5427
9448
9804
9805
9542
10311
10312
3957
4365
6393
6176
9875
4724
10062
10385
10468
10539
10600
10469
10470
10471
10540
10541
10542
10543
10603
10544
10472
10313
10386
10314
10387
10473
10545
10604
10605
10474
9857
9492
10040
10546
10475
10204
10205
10708
10709
10710
8096
10723
9731
10666
10743
10799
10744
10745
7605
6075
6766
7878
8680
8681
10774
10775
10800
10801
10724
9093
9559
10746
4396
9994
10776
9390
5073
9017
9713
10394
10802
10747
10725
2737
8561
8340
8370
8371
5683
7377
7378
7701
7702
7268
10181
10585
10638
10586
7310
7311
7312
7313
7314
8087
8831
10264
8780
9277
8747
7950
10272
10376
10451
10381
10459
10382
9945
9946
10127
9948
9715
9397
9708
9709
4817
9940
10287
10015
10016
10164
9832
4787
10019
9719
8917
8407
8408
9031
7244
8311
8312
7409
8397
7410
8391
8392
3602
8417
8672
9477
6857
8262
9000
9001
6458
3759
7856
7857
9025
9475
7007
8150
9679
9778
9026
7411
5467
9650
9651
9652
5635
1581
2783
5287
7336
9896
9897
9653
5517
6148
7237
6680
7390
3880
6094
8909
9893
9347
6984
8132
7722
7998
6257
7723
6866
9471
9177
9444
5594
9594
1123
9747
9748
8976
7129
9571
9572
9476
4931
8921
9779
9834
10023
10024
10168
10025
9819
10169
10171
9004
6953
9279
4829
6844
126
8052
6845
4448
4793
6568
6846
9638
9861
10042
10223
10334
10234
10400
10401
10043
7434
10184
10186
10006
10044
9293
9647
9602
9603
9192
8661
8566
9121
9122
9123
9125
10053
10055
10056
10020
8861
10165
10058
9876
9877
3677
10068
10200
10320
10201
10257
10316
10317
10318
8540
2386
7037
10388
10389
10319
10069
10206
10208
2242
10209
9878
10070
10210
10211
10212
10213
10214
10215
10216
10217
10218
10219
9243
9244
7899
8608
8609
6436
6437
6438
9268
8889
8165
8166
8612
8895
8896
6517
9388
9389
6545
8416
9005
7734
7240
7908
8099
8168
8891
8893
7028
7116
7667
6335
6820
7506
7777
7778
7780
7781
8626
8627
8628
8242
8933
8243
8935
8244
8245
9069
9070
9071
9511
9787
9022
9023
8389
7995
8012
5053
7406
4638
7886
8058
9172
9173
9174
9176
8651
7820
7123
8582
7700
8533
9179
9180
9181
9046
9593
9595
9596
8652
8061
6671
7784
8630
8822
8814
10093
10094
9685
10010
10011
10012
7812
7813
8017
8943
9414
9092
9532
9534
9802
10000
10157
10158
10001
9431
9577
9578
9579
9580
9752
9581
8843
6551
9330
9331
9546
9677
9032
6430
7844
7845
5117
8266
8354
7362
7364
7365
7367
6123
4986
4994
4995
5754
7399
7414
8026
8028
8029
7334
6390
5774
6867
8603
8604
8177
8983
9141
9142
8643
8644
4107
9170
8110
8111
5842
7457
4000
6205
8357
8418
8419
9033
8421
7458
7081
10390
10395
10414
10379
10447
10380
10299
10174
10296
10436
10437
10262
7108
8193
7069
6511
6513
6514
3682
5336
6515
6516
6657
7935
7881
9799
9088
9335
8251
9680
9336
8851
8729
8287
8730
8731
8494
7966
6145
7656
8762
9289
8496
7586
7588
6042
7590
6044
4686
5084
5085
6558
6559
6561
6563
6258
6259
9901
5413
7187
9902
10121
9342
8860
9356
9567
9829
9830
7915
8722
8723
8223
6564
5345
6641
6642
6644
6645
5454
5455
5457
7121
8233
5278
4642
4644
4123
4395
6503
8637
8693
1694
3800
7135
9221
7638
9288
4090
9643
9644
9645
6467
8032
8323
8324
9710
9711
3810
4822
5153
6331
6027
7580
6028
7582
7583
7577
7578
7120
8235
9500
9785
9072
9073
7596
9513
9514
9806
6613
9074
9149
8948
9418
7351
8339
8356
9419
9420
9421
9496
9733
9964
9734
9966
10140
10271
10361
1415
1754
3497
5788
10420
10421
10362
9574
9833
3073
6398
9575
9576
8613
8678
8502
8503
8504
8505
7104
7980
8925
8632
2667
9075
9076
8954
9515
9077
6374
6781
7564
9292
9295
9646
2065
9895
10074
10260
10261
10075
10232
10076
10077
10078
8006
7265
7603
6341
9582
9583
9882
10067
6332
9816
9817
9548
5705
7991
9530
9822
8055
8426
3182
9050
9051
9052
9493
9494
9111
8538
8539
5515
4929
7503
7523
7125
5290
7493
8442
8443
9043
7039
8174
8175
8898
5174
5175
8276
9489
9135
8597
9487
3807
7269
7657
7658
8838
6917
7890
3938
6734
7891
7247
7248
8320
8666
5535
5537
6143
7652
7653
6144
5767
6772
8369
917
4292
9012
2682
3947
9465
7953
8753
8479
8481
5980
1201
3142
3143
3074
4721
5134
5479
5481
5482
6823
8024
8025
6980
7227
4722
5981
7561
7562
9517
9518
7441
8994
9449
10391
10476
6716
4232
6396
6397
7967
7968
8303
7618
9163
9586
9473
9474
9790
9303
9203
9204
9205
8852
8853
8855
8856
9344
6296
6970
9681
9918
9682
9919
9920
9921
9922
5529
10109
10110
10248
10249
10252
10253
9683
10222
8857
7654
7655
7211
7685
8567
9127
7905
8294
5462
4345
2406
4746
4801
4805
4808
4809
8803
9253
9254
9255
9256
9257
7337
4797
4799
4921
4922
7005
4512
9126
8147
8149
4222
2557
6687
9417
6710
8178
8899
8900
9394
8902
7809
7810
7811
6450
7853
7855
4314
2025
3503
2027
4004
6222
5727
8341
7024
8332
8990
8991
8993
7792
5042
5044
8823
9315
4778
6827
6220
7424
6922
6546
6547
6548
8465
10423
10424
10426
3362
10501
10502
10503
10504
10584
10427
7572
7573
8492
9081
9082
8493
8368
8593
8595
9139
7161
7925
8256
6650
8949
8952
9425
9735
9736
8953
9426
9427
9428
8257
8258
8941
8944
9413
5544
7163
7266
8325
7332
5625
5838
8167
7025
6059
6060
3840
8030
8800
8801
8802
4785
4786
7380
7035
5210
8422
6750
6751
8395
8396
9929
9930
9931
10116
10258
10117
10182
9864
5440
10046
9865
10048
10049
8141
6993
7382
7885
8695
9222
9224
8558
9119
9613
6981
8424
4589
2436
3788
3789
7216
8103
8297
8298
7574
5764
3577
5522
5593
7280
7281
3906
7613
8919
7091
6457
4961
4963
4964
6799
6912
6913
6914
4138
1293
3262
5445
8084
8101
6915
7076
8034
6831
6319
7769
6320
4235
6141
6708
6854
7178
8269
8270
8271
4835
5633
5641
3410
5702
7391
7392
7393
5704
3703
7696
5910
6365
6631
6633
7922
8718
3435
8039
9261
9262
6724
9630
9631
8719
9260
7923
6634
5852
7109
5892
7553
8364
6807
5190
5851
4852
6863
8066
8067
7054
8794
9084
9085
9491
6249
6092
4640
2328
2329
2330
6446
4479
4678
6581
6603
7912
7913
7914
4520
6731
7720
7721
6251
6252
7154
8249
7717
8315
7251
8316
8317
6835
6836
8041
8044
4915
8411
8412
7749
7750
7842
8618
9161
2209
4521
3610
6640
7979
4523
4459
6174
9676
9585
8432
8433
8473
8474
9064
9065
9066
5772
2083
3990
4381
4385
2135
1464
3569
2685
4443
4444
3628
5516
5808
7234
6399
6490
6492
6616
7920
7358
6277
6460
5974
5975
5977
3012
3799
7556
8477
8478
7557
8036
5708
6074
8344
8997
5401
5433
5881
7151
7477
6134
7649
6286
7741
8614
4725
4836
5814
5816
6227
5546
7259
6135
7704
6228
4436
5604
7566
7568
6818
6819
7862
6928
7676
6173
9828
10021
10166
10167
5573
1840
3390
4041
10713
7435
7350
7575
6321
4570
6223
6672
6673
8886
8887
7137
8986
9447
8343
9317
8071
8072
8073
5120
6183
8108
7646
6757
5930
4428
6416
6483
6485
5839
7171
8264
7454
7455
7456
5901
7505
8445
8446
9044
9047
8447
8448
9048
8449
8450
8451
7228
8302
6278
6699
4603
6884
8078
8079
8080
8081
8082
8083
8829
6871
6872
5111
6609
6052
6792
5112
6538
7893
6982
8008
8009
8130
7355
4837
4771
5370
5796
5879
7474
6811
5882
5883
5948
6919
3559
5726
7445
8259
8866
6999
6115
6858
6588
6590
7909
1290
8712
7911
6592
6760
4463
8064
8065
7492
7494
6902
6903
6070
7598
7599
6628
8508
8509
8510
7600
6073
5831
7630
9311
9312
7593
7594
6742
6743
5255
7114
7115
5845
5846
5847
5227
6312
6406
7824
7825
7827
9206
9610
6427
7739
8610
7740
7659
7660
6187
6832
6435
6404
8261
8946
9238
10663
10691
10664
10665
9544
9818
9820
9545
9811
9812
10142
4048
6241
10144
10277
10278
10279
6601
6602
6604
6605
6606
6608
6610
6611
6612
6274
7559
6345
7168
7793
6347
5378
5805
4291
4668
4669
4670
6739
6740
6509
6837
7981
7982
6741
4671
813
816
817
818
2835
5208
3197
8022
8023
7323
5323
5324
5326
5344
6473
5340
2951
906
2596
2598
5810
6414
6415
6418
5962
7546
7321
5613
3319
3321
5527
6876
8077
3310
4619
4620
6704
6706
6709
4622
8572
9129
9564
9827
7691
5304
4781
3749
3750
5972
7550
7552
3751
7165
4377
3163
4119
5984
5986
5987
5988
3633
4966
6963
7322
10518
10587
10640
10641
7231
8600
9140
4930
6893
6894
6895
9782
7508
8452
8453
4484
6582
6585
4485
6229
4221
2358
2360
2361
4594
7018
7514
7619
8455
8456
9053
9497
9498
8308
8176
8979
8982
3025
3026
3030
5364
3031
7715
5679
4068
7974
8769
8770
8771
4773
7226
3172
10763
10764
5417
5418
5419
6442
6443
8146
7001
5661
10448
3612
4412
6534
6535
7888
8691
5858
5859
5862
8272
8273
8274
5507
5508
3192
7324
7325
6697
6698
747
748
1931
4177
4178
4179
2243
751
210
212
3080
3081
4283
5072
3641
3642
4766
4367
4906
4908
2852
5023
5061
6410
10274
10275
6379
5965
4614
4616
9178
8635
6962
6942
5012
5014
6934
6619
6366
5150
4756
7531
7062
8182
8840
3728
3730
6482
7354
7443
7158
4752
6809
5114
5835
7189
9872
9873
3288
1734
3960
1735
1736
5318
6949
8119
8121
8858
6429
6432
4910
3689
5351
7841
5240
7110
7111
1040
8224
9164
9591
3403
4376
5697
5698
5489
4167
4168
7080
7082
7083
8197
8199
7084
5230
7927
7930
6649
6103
6478
3104
5512
5513
5242
7155
7368
6964
6965
6373
2178
4900
7179
7180
8268
8959
7181
5399
5400
3011
6101
4108
6689
7164
8260
4414
8945
7614
7616
7617
5448
5449
2673
3434
3436
5732
7401
4031
8380
8382
6100
5734
7404
1379
3417
3422
1380
3445
5737
2373
5203
5204
7073
7074
7077
2834
2838
2839
3891
3892
5905
6109
6110
3147
6139
2392
2761
3295
678
2071
2077
3450
4372
4373
6486
7864
8667
8668
9211
8669
6725
9199
9201
7865
7866
8671
8674
7867
6489
1289
3244
1292
882
2549
3259
7672
8153
8156
7006
8548
8550
10345
10346
6574
6575
7906
4911
4912
5182
4132
4133
1901
1051
2987
2988
2791
2642
4820
4508
3301
3302
5596
5597
2762
6690
2417
4770
2530
3830
3833
6067
6068
6069
3834
1557
1559
5431
7926
7097
2801
8208
8209
7099
8211
7100
3021
5359
4704
6764
6765
6767
3044
5538
4618
5712
7395
8377
8378
7396
4393
3558
3854
3871
3872
3873
5055
6954
3825
4332
7848
6667
6668
7348
8355
4029
4124
9529
5585
8128
3785
584
586
1834
3357
5644
7352
5646
5647
3973
4865
6875
6054
6475
6476
4413
6009
9565
9858
9566
5761
5762
7415
9549
9889
9890
4713
6776
6777
5775
3762
4091
2868
5632
5634
2622
3177
3179
5501
2729
7044
7207
7208
5451
5629
6218
6637
5623
3532
3533
3796
2843
4856
3775
3777
3778
4043
5484
4460
3416
2572
2575
2576
8996
9451
9452
3209
6216
5241
10283
10284
10510
10511
6798
8014
8785
10581
10582
10512
6800
6801
8016
4740
4741
4742
2401
3136
1200
3345
6936
6938
5599
5601
5602
5603
5648
4676
7473
6005
4375
1512
1737
3656
3657
2080
2084
5723
5471
6272
7732
6273
6930
959
2719
962
1948
4210
4211
4214
3279
1301
10805
10821
10822
10823
10824
10806
10807
6351
6494
4540
4541
4543
2235
5094
5097
2655
2255
4558
5024
5027
2656
5129
2657
5300
4259
4859
6424
5676
5677
5919
3517
2985
4144
255
2669
2908
1622
3806
6023
2748
4258
7829
8653
8654
9182
9183
9184
9185
7316
7317
4271
6888
6526
5558
5559
4974
7049
7050
8181
7051
662
896
509
1539
1540
3720
3721
1542
1543
779
1113
2960
2965
3337
4656
5312
5313
2966
5314
5029
7149
7150
7153
5316
3693
3694
5929
3695
1567
6816
6817
8021
8413
8795
8796
5108
5219
2861
3986
5352
6276
7735
6279
6280
4474
4476
3636
5875
5611
3219
1245
3205
5429
7196
8285
8286
8288
5605
5348
306
1118
2534
2536
2428
3041
3691
4316
4146
2390
4723
3792
4446
4447
4449
4450
3814
2041
681
682
4503
4489
5618
1707
6385
7119
4547
3203
3463
3700
3702
5934
2529
3266
4650
5436
5437
5438
5444
4172
7203
8292
8973
9442
9443
5446
5895
7497
5896
3988
5902
2905
2800
7452
5666
6571
6191
4278
4569
5670
5671
7610
6852
8054
8056
5247
8817
4833
7063
6181
2894
3538
4538
6658
6659
6660
7148
8252
8940
8253
8254
5311
3816
5428
3107
6164
4493
3195
3918
3852
6124
3920
6132
7645
6133
6976
6977
6782
6624
6626
6630
3886
1684
1029
7512
7515
4795
4796
2185
2187
1431
425
3666
3667
4287
4092
4265
4266
4267
1999
2000
2822
3227
3228
8255
4400
4401
6518
6520
6521
6522
6966
6967
4876
6192
3974
3976
4657
4661
5638
5639
7341
8347
7342
8352
4196
4197
6376
4198
6389
3868
3198
2441
3265
1214
5567
3267
5393
5394
5395
3855
2702
2703
1035
1038
1043
1990
1991
2630
1979
2210
4528
728
729
2218
4533
4534
6653
4535
2219
5122
2774
4001
2228
2229
2003
2671
2171
4490
6182
3121
1350
1355
398
2804
5167
5168
5170
5092
5093
2740
2741
5106
2742
5582
3784
5695
3401
2645
2648
3013
5355
10030
10175
10176
5356
3015
1147
6795
6796
6797
4923
4924
4925
5373
5374
6948
6730
6732
6733
3996
4633
9550
2818
5938
5939
3712
4730
3563
3564
2758
2759
1505
3964
6179
2445
4018
4021
3860
4506
6635
5865
6392
7815
7816
7817
8646
7466
5866
5868
5239
1587
1591
3766
3768
1965
5133
1312
3846
5280
5281
3713
2746
2749
2459
4387
5549
6958
7253
7254
8321
8322
5551
5552
5554
2935
331
1189
1193
1195
104
3717
3718
3346
3360
5652
5653
3350
3200
3201
3202
4348
5834
3159
3161
5486
1220
2015
2019
457
1573
1576
1577
1028
2792
5151
271
259
2477
4827
4828
6262
5657
7162
7786
7787
8102
4252
1913
4156
6359
6360
7799
6361
4157
2609
2610
2611
2613
4978
2334
2335
10031
10032
10033
10034
4338
4339
1128
2368
2369
831
2385
4716
6788
3501
3505
3506
2271
767
2519
2523
4889
4890
1602
2287
1420
5668
5669
2920
3365
3367
5375
3771
3773
6003
6004
7172
1715
3935
3937
6155
6156
6157
6158
6159
7175
7993
4110
2501
2503
2538
881
441
8867
7729
8602
6266
6268
6270
4137
4847
4850
5752
5753
3582
1478
1479
1942
4200
4791
3059
778
780
2411
4851
3801
357
1517
1519
1671
1170
1173
2161
2825
2827
2708
188
1092
1494
1498
452
3521
3523
4175
5833
1645
5464
5138
4946
6898
5080
2723
2724
1906
1908
5495
5496
2678
3152
6906
6908
6909
3952
3956
1980
769
770
2872
1434
1436
1437
1438
2780
4023
4025
4026
3509
4539
5619
2158
2276
2277
4581
1693
1695
1120
1124
1129
1131
1139
3878
6099
1679
2114
2118
4421
2120
4423
6550
6552
4424
4426
1531
2910
2913
5291
2012
3049
1381
3431
3432
3433
5730
5731
1383
525
529
153
555
56
21
60
62
179
64
24
28
29
1783
1784
2754
2757
2382
3283
3286
1307
2172
2615
2616
1366
3644
9016
9019
1844
607
2558
6756
1076
2891
5245
5246
1081
3137
3138
3140
1206
1208
1209
4093
6295
6297
6298
2099
4399
2101
2103
4406
2104
2105
3042
3043
1161
1162
1925
4164
1163
557
563
1749
1753
1756
3993
3566
3567
2189
3383
4578
10330
10331
10332
10399
10333
1253
651
1945
3686
2321
4635
2322
1358
1360
406
414
3271
936
2677
3882
3150
2676
3817
3818
3820
6035
3823
1635
5414
2134
2136
2063
4776
5058
6959
5059
5159
5162
4234
4236
4237
6400
2814
2816
5187
3235
5188
7057
7059
2817
1023
2593
3447
3448
3452
1390
1392
3480
1394
2464
2465
4170
2294
2295
2296
4600
496
1624
3034
3039
4229
868
2544
3543
2122
4748
2405
2407
4136
4701
6505
6506
6507
2095
1149
4050
2687
5056
5057
6955
6956
995
6454
6246
8367
9768
9769
9772
9775
4253
5900
7498
7499
7500
7501
7502
8440
2126
4567
2971
2972
6651
2418
5463
4363
6481
2916
2918
7802
4118
1882
3977
3979
3981
1465
1329
1331
1066
1068
1071
1343
1346
1926
3053
1215
1298
2929
2930
1096
1098
4130
6838
3358
3363
5654
5655
5656
575
530
1803
2352
536
915
3591
1761
3632
3634
2253
5969
5971
3214
1284
1285
3238
3241
1287
4106
1859
4114
1370
3392
5685
7371
3393
3395
1371
6337
297
1885
1887
8305
8512
8514
8515
8517
5263
5265
4840
434
5243
5244
2879
7124
8844
5404
3002
1920
3929
3930
5220
5222
7093
7094
4877
4878
3309
3312
2106
2110
805
5049
6952
1956
1957
4452
4453
4454
4455
4456
4457
4458
7471
2284
2286
1181
462
4576
6136
1823
1829
2788
283
135
49
8
32
