0 0
1 84
2 87
3 78
4 16
5 94
6 36
7 87
8 93
9 50
10 22
11 112
12 175
13 144
14 148
15 111
16 125
17 111
18 156
19 121
20 90
21 147
22 146
23 108
24 161
25 109
26 141
27 102
28 146
29 114
30 123
31 96
32 116
33 152
34 163
35 161
36 187
37 150
38 105
39 136
40 163
41 52
42 267
43 256
44 151
45 231
46 171
47 246
48 220
49 257
50 123
51 151
52 167
53 159
54 130
55 103
56 117
57 177
58 185
59 130
60 218
61 182
62 226
63 177
64 149
65 226
66 150
67 165
68 161
69 196
70 130
71 198
72 200
73 210
74 192
75 125
76 173
77 176
78 169
79 136
80 207
81 187
82 157
83 126
84 179
85 146
86 176
87 155
88 162
89 209
90 188
91 234
92 187
93 215
94 173
95 148
96 225
97 161
98 129
99 150
100 139
101 141
102 127
103 159
104 181
105 191
106 169
107 119
108 161
109 165
110 110
111 189
112 195
113 150
114 174
115 169
116 153
117 138
118 134
119 109
120 125
121 176
122 174
123 114
124 121
125 146
126 155
127 151
128 211
129 196
130 166
131 172
132 206
133 200
134 196
135 186
136 96
137 44
138 42
139 107
140 60
141 121
142 47
143 38
144 93
145 218
146 187
147 174
148 204
149 158
150 196
151 190
152 167
153 163
154 182
155 186
156 160
157 155
158 182
159 183
160 188
161 158
162 183
163 216
164 178
165 184
166 173
167 196
168 188
169 238
170 147
171 203
172 164
173 118
174 194
175 276
176 159
177 235
178 229
179 255
180 205
181 238
182 139
183 204
184 254
185 106
186 195
187 221
188 228
189 218
190 197
191 254
192 245
193 246
194 273
195 310
196 212
197 240
198 243
199 154
200 198
201 209
202 224
203 255
204 269
205 189
206 238
207 271
208 181
209 229
210 178
211 222
212 185
213 196
214 202
215 251
216 131
217 165
218 180
219 212
220 195
221 194
222 168
223 195
224 198
225 200
226 158
227 208
228 157
229 160
230 221
231 187
232 228
233 244
234 252
235 234
236 230
237 230
238 196
239 224
240 252
241 169
242 222
243 240
244 196
245 217
246 158
247 232
248 198
249 240
250 263
251 218
252 253
253 319
254 245
255 255
256 193
257 257
258 201
259 288
260 112
261 192
262 228
263 185
264 140
265 217
266 217
267 199
268 193
269 252
270 159
271 216
272 211
273 223
274 282
275 250
276 218
277 269
278 280
279 118
280 188
281 238
282 213
283 273
284 287
285 256
286 245
287 198
288 229
289 115
290 200
291 240
292 219
293 136
294 181
295 238
296 175
297 211
298 235
299 248
300 183
301 198
302 193
303 210
304 206
305 229
306 264
307 178
308 253
309 187
310 182
311 178
312 238
313 171
314 142
315 188
316 230
317 239
318 191
319 220
320 234
321 187
322 136
323 204
324 199
325 154
326 184
327 184
328 163
329 134
330 205
331 218
332 197
333 270
334 252
335 255
336 276
337 267
338 286
339 242
340 212
341 310
342 220
343 231
344 194
345 171
346 188
347 205
348 166
349 170
350 222
351 198
352 224
353 199
354 196
355 277
356 211
357 234
358 235
359 237
360 157
361 190
362 225
363 166
364 130
365 155
366 180
367 200
368 202
369 223
370 172
371 230
372 178
373 179
374 164
375 225
376 217
377 99
378 142
379 171
380 152
381 170
382 127
383 133
384 171
385 170
386 168
387 193
388 174
389 214
390 173
391 168
392 231
393 251
394 265
395 191
396 243
397 199
398 213
399 205
400 247
401 170
402 208
403 241
404 219
405 144
406 161
407 194
408 135
409 185
410 166
411 195
412 146
413 208
414 172
415 243
416 191
417 227
418 214
419 149
420 134
421 199
422 136
423 177
424 134
425 212
426 134
427 201
428 132
429 218
430 224
431 270
432 235
433 227
434 301
435 217
436 170
437 185
438 216
439 151
440 222
441 193
442 203
443 160
444 206
445 152
446 241
447 200
448 224
449 248
450 214
451 205
452 237
453 201
454 163
455 203
456 195
457 267
458 246
459 171
460 204
461 184
462 255
463 224
464 228
465 264
466 202
467 249
468 254
469 182
470 216
471 236
472 221
473 181
474 188
475 167
476 180
477 229
478 159
479 185
480 201
481 216
482 191
483 245
484 182
485 227
486 169
487 196
488 177
489 223
490 200
491 248
492 175
493 107
494 57
495 124
496 122
497 130
498 81
499 49
500 121
501 128
502 129
503 181
504 165
505 166
506 221
507 133
508 149
509 172
510 158
511 182
512 243
513 157
514 143
515 138
516 105
517 99
518 128
519 185
520 169
521 189
522 264
523 243
524 268
525 193
526 180
527 257
528 197
529 257
530 298
531 212
532 231
533 141
534 247
535 237
536 248
537 218
538 138
539 210
540 221
541 274
542 259
543 258
544 210
545 216
546 205
547 197
548 210
549 199
550 201
551 255
552 217
553 207
554 237
555 192
556 160
557 227
558 217
559 189
560 162
561 168
562 212
563 160
564 203
565 140
566 162
567 189
568 203
569 222
570 172
571 146
572 200
573 210
574 193
575 261
576 280
577 243
578 208
579 244
580 274
581 193
582 201
583 169
584 219
585 229
586 238
587 190
588 182
589 221
590 240
591 240
592 175
593 196
594 146
595 136
596 162
597 257
598 192
599 258
600 186
601 154
602 135
603 214
604 257
605 176
606 168
607 204
608 195
609 244
610 236
611 182
612 251
613 160
614 229
615 192
616 189
617 204
618 193
619 184
620 186
621 216
622 213
623 229
624 169
625 261
626 176
627 232
628 192
629 274
630 215
631 222
632 294
633 194
634 290
635 273
636 207
637 213
638 210
639 212
640 149
641 236
642 174
643 175
644 177
645 231
646 216
647 137
648 187
649 215
650 209
651 206
652 165
653 215
654 139
655 320
656 253
657 205
658 286
659 218
660 206
661 200
662 262
663 270
664 222
665 164
666 287
667 215
668 215
669 192
670 193
671 267
672 231
673 286
674 202
675 240
676 223
677 207
678 298
679 230
680 154
681 251
682 253
683 300
684 243
685 221
686 215
687 271
688 247
689 242
690 267
691 254
692 206
693 177
694 208
695 181
696 189
697 191
698 177
699 198
700 221
701 244
702 179
703 318
704 336
705 315
706 347
707 267
708 272
709 180
710 115
711 218
712 299
713 270
714 206
715 210
716 210
717 231
718 189
719 157
720 171
721 172
722 220
723 170
724 214
725 266
726 189
727 252
728 207
729 221
730 113
731 83
732 256
733 177
734 236
735 192
736 207
737 261
738 245
739 174
740 238
741 158
742 166
743 222
744 275
745 278
746 224
747 324
748 289
749 185
750 214
751 340
752 220
753 214
754 194
755 296
756 174
757 260
758 142
759 155
760 252
761 149
762 177
763 189
764 185
765 142
766 185
767 290
768 236
769 253
770 255
771 226
772 159
773 206
774 278
775 208
776 223
777 278
778 217
779 240
780 230
781 216
782 225
783 217
784 235
785 253
786 222
787 202
788 235
789 227
790 179
791 212
792 247
793 212
794 209
795 215
796 240
797 168
798 252
799 233
800 198
801 194
802 220
803 142
804 233
805 270
806 245
807 286
808 231
809 265
810 241
811 164
812 184
813 299
814 290
815 231
816 289
817 239
818 310
819 181
820 257
821 277
822 268
823 195
824 235
825 266
826 180
827 218
828 283
829 278
830 267
831 206
832 228
833 175
834 202
835 232
836 269
837 178
838 210
839 195
840 209
841 202
842 278
843 197
844 286
845 276
846 226
847 241
848 243
849 262
850 144
851 188
852 246
853 237
854 223
855 181
856 198
857 244
858 210
859 266
860 176
861 255
862 228
863 214
864 221
865 273
866 226
867 189
868 235
869 262
870 232
871 175
872 206
873 216
874 188
875 153
876 204
877 164
878 164
879 168
880 192
881 183
882 204
883 230
884 190
885 247
886 191
887 235
888 231
889 166
890 224
891 332
892 242
893 161
894 145
895 251
896 202
897 189
898 243
899 316
900 195
901 234
902 239
903 190
904 230
905 181
906 270
907 243
908 248
909 282
910 218
911 189
912 226
913 222
914 116
915 280
916 243
917 217
918 214
919 199
920 209
921 207
922 277
923 193
924 266
925 282
926 216
927 282
928 199
929 222
930 264
931 245
932 240
933 183
934 247
935 260
936 262
937 225
938 262
939 203
940 196
941 193
942 323
943 239
944 328
945 134
946 151
947 244
948 228
949 163
950 228
951 214
952 184
953 160
954 183
955 195
956 185
957 208
958 199
959 237
960 197
961 202
962 210
963 205
964 169
965 204
966 211
967 223
968 197
969 210
970 186
971 215
972 216
973 166
974 237
975 180
976 142
977 184
978 127
979 156
980 208
981 212
982 135
983 90
984 134
985 131
986 162
987 99
988 96
989 128
990 178
991 193
992 166
993 144
994 247
995 318
996 236
997 238
998 191
999 268
1000 257
1001 255
1002 268
1003 227
1004 205
1005 233
1006 192
1007 276
1008 210
1009 182
1010 271
1011 243
1012 239
1013 196
1014 221
1015 245
1016 172
1017 184
1018 258
1019 231
1020 199
1021 237
1022 216
1023 286
1024 213
1025 230
1026 159
1027 193
1028 281
1029 221
1030 200
1031 230
1032 232
1033 223
1034 214
1035 241
1036 253
1037 229
1038 214
1039 223
1040 261
1041 207
1042 152
1043 216
1044 107
1045 181
1046 238
1047 207
1048 160
1049 205
1050 227
1051 247
1052 259
1053 221
1054 189
1055 172
1056 197
1057 235
1058 175
1059 239
1060 220
1061 271
1062 214
1063 233
1064 257
1065 224
1066 161
1067 188
1068 162
1069 155
1070 127
1071 199
1072 119
1073 248
1074 259
1075 261
1076 274
1077 212
1078 248
1079 254
1080 243
1081 329
1082 262
1083 236
1084 191
1085 249
1086 233
1087 152
1088 242
1089 239
1090 248
1091 185
1092 331
1093 227
1094 274
1095 209
1096 219
1097 279
1098 282
1099 191
1100 225
1101 210
1102 207
1103 202
1104 185
1105 285
1106 236
1107 211
1108 253
1109 178
1110 227
1111 235
1112 256
1113 279
1114 222
1115 211
1116 99
1117 206
1118 316
1119 230
1120 182
1121 186
1122 181
1123 226
1124 237
1125 163
1126 223
1127 241
1128 181
1129 161
1130 195
1131 206
1132 241
1133 238
1134 153
1135 148
1136 179
1137 185
1138 209
1139 241
1140 254
1141 217
1142 221
1143 190
1144 146
1145 175
1146 198
1147 266
1148 218
1149 338
1150 213
1151 190
1152 232
1153 246
1154 260
1155 153
1156 217
1157 187
1158 183
1159 209
1160 188
1161 286
1162 237
1163 236
1164 188
1165 205
1166 265
1167 246
1168 186
1169 193
1170 252
1171 239
1172 156
1173 277
1174 214
1175 225
1176 188
1177 264
1178 219
1179 201
1180 250
1181 194
1182 176
1183 201
1184 180
1185 193
1186 205
1187 271
1188 178
1189 285
1190 220
1191 230
1192 252
1193 247
1194 192
1195 266
1196 206
1197 244
1198 128
1199 253
1200 319
1201 256
1202 231
1203 230
1204 242
1205 275
1206 250
1207 269
1208 326
1209 256
1210 222
1211 155
1212 225
1213 237
1214 227
1215 207
1216 202
1217 205
1218 193
1219 207
1220 268
1221 187
1222 197
1223 268
1224 196
1225 186
1226 237
1227 223
1228 205
1229 247
1230 232
1231 226
1232 275
1233 250
1234 191
1235 182
1236 228
1237 285
1238 173
1239 247
1240 206
1241 230
1242 234
1243 202
1244 214
1245 268
1246 192
1247 178
1248 221
1249 130
1250 178
1251 167
1252 182
1253 254
1254 201
1255 159
1256 251
1257 265
1258 215
1259 184
1260 288
1261 176
1262 236
1263 276
1264 216
1265 298
1266 236
1267 237
1268 216
1269 259
1270 268
1271 275
1272 220
1273 278
1274 207
1275 231
1276 282
1277 316
1278 252
1279 254
1280 204
1281 133
1282 196
1283 302
1284 289
1285 301
1286 271
1287 335
1288 173
1289 303
1290 310
1291 271
1292 269
1293 187
1294 181
1295 210
1296 250
1297 205
1298 187
1299 181
1300 261
1301 266
1302 251
1303 253
1304 232
1305 226
1306 238
1307 237
1308 214
1309 279
1310 253
1311 240
1312 198
1313 248
1314 249
1315 188
1316 181
1317 227
1318 246
1319 175
1320 225
1321 173
1322 159
1323 171
1324 197
1325 268
1326 176
1327 192
1328 251
1329 261
1330 180
1331 204
1332 210
1333 202
1334 256
1335 262
1336 265
1337 197
1338 200
1339 161
1340 241
1341 247
1342 177
1343 261
1344 200
1345 247
1346 231
1347 251
1348 197
1349 203
1350 280
1351 212
1352 202
1353 242
1354 247
1355 254
1356 230
1357 146
1358 183
1359 188
1360 158
1361 203
1362 166
1363 285
1364 270
1365 216
1366 218
1367 136
1368 178
1369 188
1370 148
1371 140
1372 143
1373 195
1374 259
1375 203
1376 243
1377 222
1378 276
1379 246
1380 212
1381 215
1382 188
1383 187
1384 176
1385 230
1386 167
1387 175
1388 188
1389 193
1390 221
1391 205
1392 152
1393 157
1394 148
1395 184
1396 248
1397 250
1398 194
1399 235
1400 241
1401 247
1402 247
1403 214
1404 209
1405 217
1406 196
1407 248
1408 183
1409 260
1410 214
1411 220
1412 232
1413 211
1414 215
1415 234
1416 210
1417 206
1418 264
1419 226
1420 261
1421 211
1422 207
1423 206
1424 268
1425 269
1426 238
1427 135
1428 185
1429 156
1430 220
1431 223
1432 155
1433 225
1434 169
1435 182
1436 160
1437 218
1438 196
1439 229
1440 177
1441 165
1442 213
1443 141
1444 177
1445 135
1446 178
1447 166
1448 228
1449 264
1450 222
1451 222
1452 256
1453 240
1454 136
1455 195
1456 131
1457 224
1458 210
1459 117
1460 242
1461 163
1462 198
1463 274
1464 276
1465 237
1466 259
1467 179
1468 156
1469 273
1470 267
1471 231
1472 216
1473 250
1474 240
1475 201
1476 253
1477 232
1478 234
1479 301
1480 202
1481 188
1482 162
1483 224
1484 194
1485 196
1486 164
1487 222
1488 163
1489 213
1490 243
1491 155
1492 208
1493 200
1494 280
1495 258
1496 281
1497 300
1498 259
1499 248
1500 239
1501 186
1502 206
1503 192
1504 228
1505 235
1506 138
1507 269
1508 214
1509 182
1510 238
1511 237
1512 295
1513 239
1514 230
1515 313
1516 238
1517 287
1518 264
1519 342
1520 266
1521 253
1522 273
1523 236
1524 260
1525 258
1526 345
1527 179
1528 227
1529 215
1530 243
1531 213
1532 222
1533 187
1534 201
1535 162
1536 172
1537 179
1538 210
1539 265
1540 252
1541 235
1542 279
1543 273
1544 267
1545 172
1546 186
1547 134
1548 257
1549 169
1550 171
1551 177
1552 167
1553 168
1554 338
1555 139
1556 272
1557 264
1558 234
1559 264
1560 283
1561 216
1562 180
1563 231
1564 177
1565 207
1566 216
1567 243
1568 204
1569 246
1570 236
1571 197
1572 213
1573 250
1574 259
1575 203
1576 184
1577 185
1578 243
1579 167
1580 236
1581 208
1582 217
1583 247
1584 237
1585 264
1586 215
1587 257
1588 201
1589 201
1590 268
1591 228
1592 286
1593 237
1594 252
1595 214
1596 227
1597 162
1598 207
1599 129
1600 151
1601 220
1602 158
1603 139
1604 212
1605 205
1606 176
1607 148
1608 88
1609 171
1610 138
1611 129
1612 238
1613 229
1614 202
1615 195
1616 169
1617 227
1618 189
1619 174
1620 147
1621 133
1622 187
1623 161
1624 146
1625 150
1626 155
1627 172
1628 279
1629 271
1630 229
1631 263
1632 206
1633 231
1634 205
1635 287
1636 169
1637 210
1638 196
1639 236
1640 194
1641 206
1642 207
1643 181
1644 191
1645 179
1646 235
1647 198
1648 175
1649 200
1650 130
1651 162
1652 156
1653 239
1654 205
1655 257
1656 241
1657 245
1658 210
1659 205
1660 180
1661 242
1662 186
1663 194
1664 195
1665 208
1666 234
1667 248
1668 268
1669 232
1670 217
1671 316
1672 255
1673 208
1674 239
1675 214
1676 243
1677 298
1678 148
1679 259
1680 221
1681 143
1682 175
1683 152
1684 190
1685 156
1686 211
1687 142
1688 246
1689 213
1690 255
1691 325
1692 188
1693 266
1694 203
1695 289
1696 263
1697 216
1698 246
1699 164
1700 222
1701 234
1702 261
1703 274
1704 244
1705 254
1706 217
1707 295
1708 235
1709 277
1710 221
1711 240
1712 251
1713 208
1714 260
1715 239
1716 209
1717 200
1718 209
1719 215
1720 219
1721 211
1722 196
1723 236
1724 222
1725 255
1726 210
1727 285
1728 277
1729 251
1730 244
1731 244
1732 202
1733 153
1734 222
1735 291
1736 230
1737 202
1738 175
1739 185
1740 205
1741 215
1742 299
1743 237
1744 234
1745 236
1746 278
1747 227
1748 260
1749 189
1750 173
1751 219
1752 178
1753 216
1754 240
1755 233
1756 240
1757 214
1758 198
1759 147
1760 194
1761 236
1762 221
1763 195
1764 258
1765 214
1766 290
1767 224
1768 242
1769 239
1770 287
1771 259
1772 229
1773 206
1774 189
1775 247
1776 202
1777 148
1778 203
1779 210
1780 192
1781 250
1782 169
1783 226
1784 206
1785 212
1786 285
1787 187
1788 299
1789 315
1790 265
1791 319
1792 300
1793 257
1794 267
1795 212
1796 298
1797 165
1798 246
1799 233
1800 264
1801 240
1802 232
1803 280
1804 328
1805 224
1806 207
1807 229
1808 260
1809 248
1810 374
1811 278
1812 173
1813 226
1814 237
1815 237
1816 239
1817 183
1818 210
1819 175
1820 252
1821 277
1822 222
1823 286
1824 200
1825 208
1826 215
1827 231
1828 221
1829 253
1830 200
1831 273
1832 232
1833 264
1834 308
1835 268
1836 248
1837 248
1838 212
1839 229
1840 241
1841 222
1842 246
1843 287
1844 254
1845 235
1846 198
1847 272
1848 169
1849 259
1850 209
1851 245
1852 229
1853 187
1854 166
1855 168
1856 185
1857 179
1858 187
1859 214
1860 216
1861 217
1862 212
1863 227
1864 326
1865 284
1866 208
1867 200
1868 220
1869 302
1870 289
1871 245
1872 225
1873 223
1874 243
1875 215
1876 195
1877 269
1878 185
1879 224
1880 230
1881 246
1882 204
1883 209
1884 191
1885 265
1886 207
1887 311
1888 239
1889 237
1890 218
1891 198
1892 217
1893 218
1894 275
1895 263
1896 205
1897 253
1898 186
1899 251
1900 179
1901 203
1902 209
1903 175
1904 196
1905 230
1906 310
1907 180
1908 278
1909 245
1910 201
1911 230
1912 221
1913 251
1914 254
1915 242
1916 208
1917 192
1918 190
1919 258
1920 208
1921 229
1922 230
1923 250
1924 264
1925 197
1926 286
1927 213
1928 217
1929 179
1930 225
1931 228
1932 232
1933 254
1934 182
1935 308
1936 205
1937 226
1938 229
1939 261
1940 227
1941 257
1942 262
1943 196
1944 215
1945 243
1946 240
1947 190
1948 299
1949 239
1950 220
1951 268
1952 214
1953 255
1954 201
1955 233
1956 261
1957 238
1958 178
1959 172
1960 223
1961 224
1962 202
1963 212
1964 200
1965 259
1966 225
1967 240
1968 181
1969 208
1970 285
1971 141
1972 216
1973 202
1974 232
1975 276
1976 310
1977 216
1978 239
1979 229
1980 259
1981 192
1982 178
1983 235
1984 264
1985 176
1986 316
1987 288
1988 227
1989 222
1990 164
1991 169
1992 199
1993 142
1994 223
1995 240
1996 237
1997 206
1998 233
1999 200
2000 215
2001 258
2002 219
2003 280
2004 218
2005 171
2006 189
2007 191
2008 230
2009 213
2010 225
2011 190
2012 215
2013 235
2014 255
2015 222
2016 266
2017 196
2018 207
2019 218
2020 276
2021 263
2022 247
2023 348
2024 252
2025 354
2026 197
2027 281
2028 234
2029 304
2030 235
2031 146
2032 346
2033 212
2034 208
2035 345
2036 347
2037 234
2038 238
2039 232
2040 227
2041 206
2042 253
2043 197
2044 218
2045 249
2046 288
2047 241
2048 244
2049 303
2050 214
2051 253
2052 247
2053 229
2054 279
2055 314
2056 220
2057 234
2058 257
2059 306
2060 267
2061 292
2062 240
2063 246
2064 176
2065 296
2066 266
2067 245
2068 184
2069 199
2070 204
2071 201
2072 292
2073 375
2074 212
2075 165
2076 216
2077 398
2078 275
2079 255
2080 313
2081 331
2082 303
2083 295
2084 254
2085 291
2086 206
2087 202
2088 214
2089 206
2090 251
2091 212
2092 231
2093 273
2094 179
2095 244
2096 215
2097 180
2098 236
2099 204
2100 180
2101 243
2102 269
2103 228
2104 198
2105 268
2106 257
2107 258
2108 289
2109 290
2110 310
2111 341
2112 238
2113 248
2114 247
2115 268
2116 221
2117 160
2118 230
2119 210
2120 230
2121 258
2122 269
2123 226
2124 249
2125 230
2126 199
2127 239
2128 217
2129 331
2130 311
2131 373
2132 304
2133 263
2134 402
2135 373
2136 347
2137 204
2138 279
2139 375
2140 254
2141 288
2142 255
2143 243
2144 241
2145 217
2146 277
2147 273
2148 430
2149 356
2150 353
2151 282
2152 247
2153 237
2154 253
2155 275
2156 146
2157 210
2158 372
2159 243
2160 265
2161 169
2162 276
2163 251
2164 283
2165 260
2166 210
2167 196
2168 193
2169 189
2170 255
2171 211
2172 279
2173 236
2174 157
2175 210
2176 236
2177 237
2178 250
2179 246
2180 304
2181 229
2182 268
2183 311
2184 326
2185 232
2186 230
2187 160
2188 196
2189 193
2190 174
2191 246
2192 184
2193 212
2194 216
2195 201
2196 169
2197 205
2198 225
2199 269
2200 262
2201 179
2202 260
2203 264
2204 188
2205 233
2206 238
2207 277
2208 164
2209 291
2210 295
2211 207
2212 258
2213 226
2214 228
2215 280
2216 258
2217 216
2218 247
2219 313
2220 255
2221 224
2222 270
2223 275
2224 277
2225 336
2226 234
2227 271
2228 330
2229 291
2230 216
2231 254
2232 212
2233 290
2234 177
2235 216
2236 207
2237 212
2238 188
2239 229
2240 240
2241 218
2242 402
2243 363
2244 275
2245 224
2246 294
2247 268
2248 277
2249 261
2250 220
2251 248
2252 220
2253 263
2254 268
2255 288
2256 200
2257 232
2258 235
2259 210
2260 187
2261 228
2262 238
2263 164
2264 212
2265 197
2266 236
2267 257
2268 180
2269 227
2270 203
2271 237
2272 206
2273 237
2274 251
2275 156
2276 306
2277 292
2278 253
2279 255
2280 245
2281 237
2282 270
2283 188
2284 159
2285 205
2286 192
2287 252
2288 259
2289 237
2290 221
2291 262
2292 265
2293 325
2294 230
2295 205
2296 249
2297 174
2298 239
2299 188
2300 250
2301 223
2302 283
2303 238
2304 278
2305 279
2306 228
2307 222
2308 195
2309 227
2310 225
2311 233
2312 277
2313 286
2314 326
2315 231
2316 255
2317 222
2318 244
2319 242
2320 258
2321 235
2322 229
2323 188
2324 243
2325 316
2326 266
2327 255
2328 239
2329 287
2330 337
2331 224
2332 214
2333 227
2334 263
2335 261
2336 217
2337 218
2338 250
2339 258
2340 275
2341 252
2342 290
2343 143
2344 260
2345 221
2346 157
2347 220
2348 166
2349 219
2350 212
2351 269
2352 265
2353 269
2354 248
2355 269
2356 277
2357 232
2358 358
2359 261
2360 273
2361 281
2362 180
2363 287
2364 169
2365 237
2366 218
2367 236
2368 221
2369 215
2370 227
2371 304
2372 213
2373 233
2374 213
2375 271
2376 219
2377 314
2378 273
2379 204
2380 128
2381 215
2382 253
2383 236
2384 225
2385 217
2386 299
2387 220
2388 242
2389 262
2390 285
2391 264
2392 228
2393 197
2394 217
2395 248
2396 199
2397 253
2398 154
2399 222
2400 219
2401 232
2402 207
2403 245
2404 252
2405 232
2406 214
2407 227
2408 264
2409 200
2410 242
2411 238
2412 242
2413 243
2414 226
2415 162
2416 240
2417 230
2418 236
2419 206
2420 224
2421 230
2422 222
2423 281
2424 233
2425 249
2426 200
2427 213
2428 242
2429 273
2430 307
2431 241
2432 325
2433 219
2434 250
2435 309
2436 311
2437 328
2438 218
2439 213
2440 216
2441 233
2442 275
2443 287
2444 224
2445 191
2446 235
2447 195
2448 192
2449 158
2450 177
2451 182
2452 155
2453 226
2454 236
2455 253
2456 200
2457 233
2458 297
2459 297
2460 249
2461 265
2462 254
2463 281
2464 291
2465 288
2466 176
2467 271
2468 211
2469 196
2470 246
2471 168
2472 208
2473 217
2474 133
2475 260
2476 242
2477 231
2478 212
2479 238
2480 195
2481 229
2482 253
2483 265
2484 200
2485 179
2486 267
2487 243
2488 322
2489 268
2490 277
2491 183
2492 243
2493 300
2494 241
2495 163
2496 266
2497 229
2498 251
2499 270
2500 224
2501 301
2502 218
2503 310
2504 247
2505 211
2506 244
2507 266
2508 288
2509 334
2510 288
2511 266
2512 265
2513 172
2514 214
2515 249
2516 253
2517 144
2518 220
2519 194
2520 271
2521 253
2522 247
2523 244
2524 273
2525 227
2526 239
2527 132
2528 256
2529 318
2530 308
2531 317
2532 256
2533 181
2534 303
2535 244
2536 238
2537 176
2538 236
2539 268
2540 249
2541 205
2542 215
2543 232
2544 326
2545 207
2546 237
2547 268
2548 304
2549 293
2550 306
2551 231
2552 221
2553 247
2554 204
2555 210
2556 176
2557 237
2558 273
2559 246
2560 264
2561 221
2562 400
2563 209
2564 204
2565 159
2566 265
2567 232
2568 204
2569 199
2570 209
2571 174
2572 333
2573 257
2574 261
2575 270
2576 252
2577 218
2578 255
2579 226
2580 223
2581 220
2582 188
2583 298
2584 262
2585 238
2586 253
2587 217
2588 248
2589 247
2590 225
2591 270
2592 236
2593 314
2594 296
2595 288
2596 309
2597 164
2598 277
2599 279
2600 362
2601 280
2602 154
2603 255
2604 319
2605 286
2606 300
2607 209
2608 230
2609 318
2610 296
2611 375
2612 284
2613 289
2614 194
2615 287
2616 241
2617 194
2618 199
2619 208
2620 171
2621 242
2622 320
2623 278
2624 215
2625 233
2626 239
2627 252
2628 251
2629 283
2630 338
2631 301
2632 183
2633 264
2634 239
2635 258
2636 257
2637 181
2638 226
2639 231
2640 184
2641 298
2642 272
2643 310
2644 263
2645 245
2646 253
2647 301
2648 306
2649 281
2650 215
2651 185
2652 303
2653 305
2654 247
2655 303
2656 251
2657 271
2658 225
2659 247
2660 200
2661 236
2662 236
2663 249
2664 249
2665 243
2666 254
2667 245
2668 308
2669 263
2670 246
2671 294
2672 215
2673 287
2674 228
2675 215
2676 320
2677 308
2678 220
2679 306
2680 228
2681 282
2682 261
2683 261
2684 216
2685 139
2686 214
2687 240
2688 188
2689 264
2690 193
2691 248
2692 241
2693 234
2694 260
2695 224
2696 195
2697 286
2698 231
2699 278
2700 237
2701 241
2702 264
2703 271
2704 214
2705 217
2706 277
2707 232
2708 235
2709 204
2710 186
2711 297
2712 209
2713 216
2714 198
2715 280
2716 240
2717 290
2718 213
2719 241
2720 236
2721 238
2722 230
2723 235
2724 223
2725 193
2726 213
2727 270
2728 246
2729 229
2730 228
2731 256
2732 211
2733 230
2734 247
2735 306
2736 230
2737 308
2738 212
2739 237
2740 224
2741 274
2742 204
2743 256
2744 261
2745 225
2746 209
2747 163
2748 184
2749 218
2750 158
2751 157
2752 174
2753 177
2754 145
2755 198
2756 196
2757 169
2758 167
2759 150
2760 166
2761 312
2762 237
2763 203
2764 162
2765 163
2766 222
2767 219
2768 213
2769 144
2770 227
2771 171
2772 227
2773 255
2774 249
2775 207
2776 234
2777 250
2778 186
2779 243
2780 135
2781 140
2782 129
2783 125
2784 110
2785 174
2786 257
2787 185
2788 240
2789 304
2790 189
2791 302
2792 265
2793 255
2794 267
2795 269
2796 254
2797 222
2798 256
2799 158
2800 301
2801 265
2802 181
2803 201
2804 199
2805 211
2806 163
2807 216
2808 236
2809 246
2810 249
2811 211
2812 232
2813 182
2814 301
2815 316
2816 248
2817 295
2818 243
2819 276
2820 264
2821 188
2822 225
2823 217
2824 260
2825 232
2826 212
2827 220
2828 163
2829 166
2830 241
2831 187
2832 199
2833 273
2834 272
2835 271
2836 251
2837 287
2838 354
2839 309
2840 269
2841 327
2842 242
2843 254
2844 234
2845 236
2846 239
2847 234
2848 211
2849 210
2850 235
2851 246
2852 227
2853 229
2854 312
2855 196
2856 317
2857 258
2858 323
2859 208
2860 233
2861 317
2862 228
2863 229
2864 183
2865 202
2866 177
2867 220
2868 223
2869 231
2870 267
2871 197
2872 198
2873 242
2874 282
2875 232
2876 258
2877 240
2878 275
2879 329
2880 231
2881 231
2882 184
2883 235
2884 258
2885 230
2886 214
2887 252
2888 218
2889 274
2890 318
2891 351
2892 274
2893 226
2894 282
2895 257
2896 215
2897 291
2898 197
2899 235
2900 213
2901 211
2902 185
2903 180
2904 159
2905 137
2906 126
2907 247
2908 266
2909 222
2910 268
2911 327
2912 207
2913 324
2914 250
2915 302
2916 266
2917 238
2918 248
2919 248
2920 295
2921 220
2922 231
2923 283
2924 157
2925 247
2926 187
2927 156
2928 197
2929 283
2930 280
2931 179
2932 238
2933 229
2934 202
2935 332
2936 238
2937 245
2938 272
2939 230
2940 211
2941 220
2942 247
2943 229
2944 217
2945 198
2946 227
2947 286
2948 266
2949 326
2950 277
2951 348
2952 224
2953 266
2954 170
2955 215
2956 215
2957 198
2958 221
2959 230
2960 344
2961 247
2962 268
2963 214
2964 202
2965 354
2966 304
2967 227
2968 221
2969 228
2970 235
2971 226
2972 294
2973 219
2974 246
2975 170
2976 192
2977 199
2978 303
2979 282
2980 182
2981 216
2982 256
2983 217
2984 188
2985 269
2986 224
2987 197
2988 256
2989 208
2990 248
2991 230
2992 210
2993 231
2994 190
2995 268
2996 217
2997 234
2998 282
2999 212
3000 213
3001 101
3002 196
3003 135
3004 160
3005 161
3006 155
3007 213
3008 240
3009 181
3010 211
3011 205
3012 247
3013 320
3014 277
3015 282
3016 221
3017 276
3018 255
3019 228
3020 242
3021 210
3022 177
3023 208
3024 246
3025 220
3026 307
3027 223
3028 204
3029 211
3030 304
3031 228
3032 204
3033 178
3034 237
3035 289
3036 228
3037 150
3038 257
3039 230
3040 278
3041 199
3042 214
3043 192
3044 221
3045 163
3046 259
3047 188
3048 222
3049 226
3050 239
3051 181
3052 217
3053 277
3054 229
3055 240
3056 226
3057 255
3058 237
3059 258
3060 163
3061 249
3062 199
3063 205
3064 285
3065 207
3066 208
3067 261
3068 227
3069 263
3070 239
3071 190
3072 226
3073 267
3074 224
3075 153
3076 158
3077 231
3078 206
3079 201
3080 337
3081 341
3082 254
3083 211
3084 219
3085 151
3086 194
3087 273
3088 219
3089 229
3090 264
3091 213
3092 240
3093 197
3094 242
3095 231
3096 242
3097 300
3098 253
3099 182
3100 251
3101 208
3102 297
3103 244
3104 281
3105 266
3106 263
3107 221
3108 283
3109 243
3110 236
3111 279
3112 284
3113 270
3114 187
3115 267
3116 290
3117 310
3118 284
3119 168
3120 190
3121 292
3122 252
3123 223
3124 149
3125 130
3126 213
3127 207
3128 270
3129 317
3130 168
3131 213
3132 277
3133 269
3134 241
3135 222
3136 168
3137 272
3138 288
3139 252
3140 293
3141 194
3142 269
3143 259
3144 210
3145 258
3146 306
3147 289
3148 169
3149 221
3150 317
3151 230
3152 231
3153 199
3154 194
3155 278
3156 259
3157 178
3158 228
3159 294
3160 235
3161 250
3162 295
3163 288
3164 248
3165 209
3166 234
3167 170
3168 254
3169 228
3170 216
3171 241
3172 274
3173 234
3174 191
3175 201
3176 311
3177 259
3178 254
3179 298
3180 272
3181 221
3182 294
3183 233
3184 210
3185 255
3186 188
3187 248
3188 270
3189 317
3190 231
3191 266
3192 251
3193 258
3194 289
3195 262
3196 184
3197 201
3198 235
3199 261
3200 300
3201 242
3202 273
3203 214
3204 233
3205 339
3206 257
3207 287
3208 261
3209 288
3210 224
3211 231
3212 183
3213 278
3214 232
3215 252
3216 168
3217 288
3218 251
3219 214
3220 235
3221 183
3222 218
3223 214
3224 168
3225 209
3226 229
3227 159
3228 239
3229 264
3230 296
3231 237
3232 240
3233 300
3234 288
3235 146
3236 152
3237 294
3238 325
3239 332
3240 313
3241 324
3242 295
3243 362
3244 322
3245 283
3246 289
3247 264
3248 281
3249 212
3250 207
3251 367
3252 295
3253 234
3254 208
3255 221
3256 289
3257 283
3258 291
3259 338
3260 251
3261 259
3262 202
3263 252
3264 246
3265 280
3266 203
3267 274
3268 160
3269 275
3270 214
3271 276
3272 254
3273 270
3274 246
3275 280
3276 299
3277 271
3278 255
3279 345
3280 201
3281 263
3282 235
3283 311
3284 290
3285 258
3286 314
3287 249
3288 260
3289 252
3290 162
3291 255
3292 216
3293 245
3294 207
3295 249
3296 265
3297 193
3298 287
3299 250
3300 190
3301 286
3302 336
3303 335
3304 262
3305 195
3306 251
3307 154
3308 208
3309 211
3310 268
3311 202
3312 197
3313 240
3314 215
3315 235
3316 222
3317 285
3318 237
3319 210
3320 223
3321 211
3322 254
3323 210
3324 198
3325 210
3326 232
3327 207
3328 206
3329 251
3330 235
3331 259
3332 230
3333 286
3334 309
3335 240
3336 212
3337 278
3338 205
3339 215
3340 256
3341 187
3342 168
3343 264
3344 189
3345 371
3346 291
3347 304
3348 245
3349 282
3350 266
3351 214
3352 207
3353 236
3354 271
3355 175
3356 211
3357 292
3358 247
3359 227
3360 294
3361 238
3362 232
3363 288
3364 254
3365 262
3366 211
3367 304
3368 226
3369 205
3370 233
3371 242
3372 165
3373 252
3374 199
3375 224
3376 205
3377 176
3378 270
3379 231
3380 332
3381 161
3382 216
3383 222
3384 197
3385 206
3386 246
3387 223
3388 206
3389 269
3390 260
3391 212
3392 193
3393 203
3394 231
3395 240
3396 221
3397 179
3398 209
3399 222
3400 239
3401 234
3402 184
3403 177
3404 197
3405 204
3406 230
3407 246
3408 283
3409 295
3410 225
3411 246
3412 230
3413 251
3414 330
3415 337
3416 300
3417 248
3418 230
3419 255
3420 270
3421 213
3422 293
3423 245
3424 276
3425 271
3426 235
3427 272
3428 251
3429 196
3430 207
3431 272
3432 268
3433 223
3434 331
3435 297
3436 307
3437 250
3438 263
3439 277
3440 220
3441 227
3442 221
3443 248
3444 245
3445 226
3446 228
3447 241
3448 226
3449 214
3450 209
3451 248
3452 202
3453 270
3454 259
3455 208
3456 204
3457 206
3458 229
3459 208
3460 199
3461 231
3462 248
3463 271
3464 237
3465 302
3466 263
3467 202
3468 207
3469 172
3470 247
3471 169
3472 170
3473 257
3474 220
3475 225
3476 198
3477 249
3478 151
3479 188
3480 184
3481 213
3482 213
3483 178
3484 295
3485 274
3486 277
3487 306
3488 232
3489 274
3490 189
3491 274
3492 239
3493 252
3494 205
3495 260
3496 214
3497 277
3498 243
3499 251
3500 280
3501 224
3502 276
3503 301
3504 249
3505 241
3506 261
3507 249
3508 279
3509 289
3510 248
3511 277
3512 319
3513 241
3514 225
3515 233
3516 205
3517 227
3518 204
3519 212
3520 225
3521 232
3522 231
3523 250
3524 292
3525 255
3526 214
3527 233
3528 249
3529 206
3530 182
3531 220
3532 268
3533 218
3534 147
3535 238
3536 237
3537 267
3538 247
3539 233
3540 252
3541 259
3542 261
3543 218
3544 169
3545 153
3546 157
3547 152
3548 203
3549 180
3550 235
3551 279
3552 241
3553 274
3554 238
3555 206
3556 182
3557 132
3558 176
3559 174
3560 128
3561 118
3562 123
3563 206
3564 203
3565 181
3566 278
3567 261
3568 192
3569 283
3570 191
3571 264
3572 226
3573 252
3574 191
3575 257
3576 250
3577 260
3578 120
3579 288
3580 219
3581 205
3582 309
3583 241
3584 274
3585 158
3586 301
3587 201
3588 247
3589 178
3590 203
3591 281
3592 221
3593 238
3594 256
3595 226
3596 251
3597 198
3598 224
3599 167
3600 212
3601 223
3602 267
3603 248
3604 280
3605 268
3606 264
3607 230
3608 227
3609 287
3610 252
3611 221
3612 236
3613 193
3614 225
3615 288
3616 290
3617 281
3618 239
3619 170
3620 299
3621 268
3622 271
3623 247
3624 178
3625 333
3626 294
3627 191
3628 275
3629 243
3630 260
3631 195
3632 287
3633 235
3634 211
3635 203
3636 307
3637 249
3638 225
3639 223
3640 294
3641 212
3642 259
3643 216
3644 278
3645 270
3646 269
3647 265
3648 184
3649 257
3650 252
3651 194
3652 271
3653 285
3654 221
3655 216
3656 384
3657 326
3658 138
3659 186
3660 252
3661 255
3662 261
3663 251
3664 220
3665 254
3666 269
3667 347
3668 230
3669 298
3670 221
3671 238
3672 240
3673 263
3674 231
3675 174
3676 249
3677 227
3678 226
3679 233
3680 231
3681 201
3682 189
3683 157
3684 198
3685 169
3686 170
3687 274
3688 219
3689 268
3690 223
3691 272
3692 179
3693 317
3694 352
3695 356
3696 289
3697 273
3698 248
3699 185
3700 195
3701 196
3702 229
3703 264
3704 177
3705 236
3706 226
3707 232
3708 240
3709 263
3710 247
3711 262
3712 242
3713 227
3714 224
3715 184
3716 177
3717 274
3718 231
3719 255
3720 257
3721 278
3722 224
3723 293
3724 296
3725 274
3726 284
3727 243
3728 285
3729 283
3730 214
3731 203
3732 274
3733 246
3734 217
3735 168
3736 268
3737 290
3738 249
3739 238
3740 278
3741 240
3742 252
3743 264
3744 188
3745 293
3746 277
3747 261
3748 284
3749 216
3750 257
3751 289
3752 171
3753 263
3754 257
3755 245
3756 267
3757 294
3758 306
3759 304
3760 218
3761 244
3762 234
3763 241
3764 264
3765 237
3766 278
3767 261
3768 233
3769 297
3770 348
3771 308
3772 263
3773 384
3774 219
3775 254
3776 228
3777 279
3778 243
3779 264
3780 136
3781 259
3782 189
3783 283
3784 309
3785 272
3786 250
3787 235
3788 264
3789 176
3790 212
3791 197
3792 231
3793 225
3794 252
3795 285
3796 169
3797 154
3798 216
3799 238
3800 221
3801 236
3802 148
3803 157
3804 154
3805 194
3806 213
3807 274
3808 210
3809 237
3810 212
3811 197
3812 243
3813 181
3814 188
3815 220
3816 253
3817 285
3818 314
3819 305
3820 259
3821 261
3822 323
3823 297
3824 270
3825 240
3826 215
3827 223
3828 221
3829 172
3830 256
3831 254
3832 244
3833 272
3834 251
3835 258
3836 300
3837 261
3838 244
3839 271
3840 238
3841 264
3842 241
3843 230
3844 235
3845 260
3846 169
3847 189
3848 171
3849 238
3850 269
3851 232
3852 244
3853 244
3854 230
3855 267
3856 244
3857 231
3858 136
3859 246
3860 204
3861 212
3862 185
3863 260
3864 192
3865 191
3866 235
3867 260
3868 259
3869 219
3870 237
3871 229
3872 218
3873 258
3874 220
3875 193
3876 196
3877 261
3878 306
3879 223
3880 221
3881 212
3882 235
3883 214
3884 249
3885 248
3886 253
3887 250
3888 241
3889 216
3890 193
3891 244
3892 247
3893 256
3894 304
3895 291
3896 328
3897 257
3898 188
3899 234
3900 336
3901 251
3902 375
3903 272
3904 266
3905 149
3906 221
3907 230
3908 202
3909 216
3910 222
3911 273
3912 277
3913 279
3914 222
3915 257
3916 263
3917 209
3918 279
3919 227
3920 334
3921 289
3922 315
3923 273
3924 240
3925 210
3926 240
3927 260
3928 242
3929 223
3930 230
3931 247
3932 172
3933 253
3934 299
3935 257
3936 270
3937 318
3938 327
3939 255
3940 219
3941 253
3942 257
3943 218
3944 256
3945 300
3946 296
3947 276
3948 296
3949 224
3950 238
3951 305
3952 328
3953 246
3954 254
3955 362
3956 330
3957 362
3958 265
3959 225
3960 262
3961 217
3962 244
3963 152
3964 277
3965 221
3966 257
3967 278
3968 312
3969 247
3970 230
3971 244
3972 304
3973 290
3974 298
3975 240
3976 268
3977 261
3978 201
3979 187
3980 174
3981 208
3982 206
3983 181
3984 241
3985 184
3986 238
3987 223
3988 239
3989 228
3990 302
3991 221
3992 245
3993 326
3994 239
3995 284
3996 261
3997 182
3998 219
3999 248
4000 199
4001 254
4002 218
4003 255
4004 234
4005 234
4006 286
4007 270
4008 222
4009 265
4010 266
4011 296
4012 307
4013 314
4014 224
4015 287
4016 289
4017 254
4018 269
4019 275
4020 318
4021 283
4022 268
4023 255
4024 194
4025 253
4026 190
4027 314
4028 277
4029 214
4030 182
4031 245
4032 236
4033 326
4034 227
4035 256
4036 207
4037 247
4038 291
4039 270
4040 286
4041 214
4042 259
4043 291
4044 269
4045 275
4046 232
4047 269
4048 290
4049 261
4050 283
4051 261
4052 195
4053 246
4054 231
4055 225
4056 246
4057 201
4058 254
4059 362
4060 375
4061 216
4062 253
4063 285
4064 299
4065 296
4066 268
4067 329
4068 297
4069 246
4070 288
4071 312
4072 289
4073 248
4074 216
4075 307
4076 222
4077 210
4078 255
4079 283
4080 280
4081 269
4082 277
4083 252
4084 256
4085 253
4086 137
4087 201
4088 223
4089 204
4090 316
4091 320
4092 228
4093 329
4094 241
4095 238
4096 289
4097 222
4098 278
4099 239
4100 244
4101 232
4102 239
4103 255
4104 234
4105 251
4106 195
4107 209
4108 246
4109 235
4110 263
4111 184
4112 295
4113 267
4114 290
4115 243
4116 261
4117 243
4118 301
4119 252
4120 277
4121 283
4122 247
4123 275
4124 195
4125 270
4126 248
4127 209
4128 202
4129 227
4130 266
4131 160
4132 236
4133 259
4134 315
4135 182
4136 294
4137 272
4138 216
4139 217
4140 247
4141 245
4142 204
4143 208
4144 265
4145 301
4146 313
4147 245
4148 286
4149 330
4150 258
4151 196
4152 264
4153 338
4154 246
4155 298
4156 273
4157 257
4158 307
4159 218
4160 262
4161 266
4162 262
4163 225
4164 221
4165 234
4166 263
4167 221
4168 228
4169 268
4170 191
4171 245
4172 262
4173 239
4174 242
4175 273
4176 273
4177 327
4178 268
4179 275
4180 259
4181 270
4182 234
4183 277
4184 198
4185 203
4186 173
4187 177
4188 229
4189 214
4190 195
4191 140
4192 204
4193 185
4194 314
4195 197
4196 260
4197 258
4198 240
4199 258
4200 288
4201 299
4202 225
4203 259
4204 264
4205 270
4206 243
4207 318
4208 272
4209 332
4210 372
4211 365
4212 237
4213 305
4214 335
4215 228
4216 264
4217 233
4218 259
4219 234
4220 155
4221 254
4222 292
4223 206
4224 221
4225 255
4226 217
4227 250
4228 255
4229 299
4230 226
4231 282
4232 217
4233 203
4234 268
4235 246
4236 232
4237 221
4238 188
4239 289
4240 250
4241 237
4242 208
4243 258
4244 203
4245 170
4246 253
4247 232
4248 158
4249 273
4250 314
4251 249
4252 289
4253 336
4254 339
4255 209
4256 168
4257 222
4258 251
4259 222
4260 161
4261 226
4262 210
4263 242
4264 207
4265 229
4266 248
4267 272
4268 301
4269 225
4270 185
4271 208
4272 305
4273 280
4274 222
4275 229
4276 285
4277 255
4278 302
4279 220
4280 253
4281 163
4282 204
4283 190
4284 340
4285 256
4286 289
4287 224
4288 286
4289 254
4290 229
4291 222
4292 271
4293 256
4294 197
4295 281
4296 281
4297 335
4298 333
4299 244
4300 229
4301 269
4302 195
4303 211
4304 247
4305 229
4306 283
4307 263
4308 251
4309 264
4310 231
4311 336
4312 368
4313 160
4314 371
4315 199
4316 283
4317 300
4318 265
4319 262
4320 254
4321 214
4322 266
4323 390
4324 264
4325 317
4326 266
4327 271
4328 332
4329 278
4330 297
4331 268
4332 266
4333 275
4334 203
4335 231
4336 211
4337 280
4338 269
4339 191
4340 234
4341 272
4342 231
4343 240
4344 305
4345 240
4346 288
4347 294
4348 276
4349 252
4350 264
4351 362
4352 247
4353 251
4354 264
4355 197
4356 240
4357 233
4358 261
4359 219
4360 304
4361 221
4362 313
4363 293
4364 227
4365 241
4366 276
4367 457
4368 292
4369 259
4370 264
4371 305
4372 476
4373 484
4374 199
4375 333
4376 211
4377 180
4378 274
4379 309
4380 199
4381 348
4382 225
4383 283
4384 378
4385 307
4386 233
4387 239
4388 275
4389 100
4390 304
4391 211
4392 222
4393 291
4394 262
4395 242
4396 208
4397 225
4398 261
4399 285
4400 353
4401 357
4402 331
4403 271
4404 205
4405 264
4406 262
4407 213
4408 313
4409 169
4410 280
4411 274
4412 260
4413 175
4414 162
4415 213
4416 184
4417 182
4418 269
4419 269
4420 234
4421 330
4422 231
4423 261
4424 233
4425 270
4426 293
4427 237
4428 212
4429 231
4430 247
4431 268
4432 222
4433 277
4434 255
4435 265
4436 247
4437 200
4438 271
4439 398
4440 275
4441 288
4442 272
4443 396
4444 471
4445 471
4446 325
4447 216
4448 319
4449 333
4450 309
4451 272
4452 272
4453 276
4454 237
4455 269
4456 249
4457 267
4458 229
4459 200
4460 294
4461 297
4462 241
4463 333
4464 436
4465 245
4466 528
4467 310
4468 181
4469 237
4470 277
4471 336
4472 305
4473 237
4474 246
4475 257
4476 229
4477 252
4478 253
4479 278
4480 249
4481 246
4482 281
4483 289
4484 370
4485 367
4486 222
4487 351
4488 199
4489 287
4490 270
4491 231
4492 256
4493 298
4494 233
4495 243
4496 293
4497 282
4498 209
4499 258
4500 326
4501 318
4502 255
4503 266
4504 217
4505 224
4506 271
4507 293
4508 334
4509 286
4510 315
4511 220
4512 289
4513 234
4514 261
4515 333
4516 273
4517 337
4518 304
4519 223
4520 293
4521 378
4522 332
4523 336
4524 195
4525 232
4526 288
4527 337
4528 311
4529 199
4530 157
4531 356
4532 265
4533 299
4534 253
4535 300
4536 287
4537 169
4538 231
4539 302
4540 260
4541 230
4542 249
4543 259
4544 321
4545 279
4546 246
4547 218
4548 232
4549 292
4550 219
4551 310
4552 239
4553 262
4554 347
4555 265
4556 301
4557 267
4558 367
4559 398
4560 259
4561 264
4562 242
4563 245
4564 233
4565 311
4566 281
4567 327
4568 271
4569 251
4570 288
4571 266
4572 235
4573 231
4574 203
4575 205
4576 233
4577 254
4578 205
4579 184
4580 268
4581 346
4582 248
4583 247
4584 221
4585 255
4586 282
4587 280
4588 256
4589 226
4590 222
4591 249
4592 254
4593 214
4594 259
4595 204
4596 257
4597 279
4598 270
4599 250
4600 278
4601 221
4602 205
4603 209
4604 317
4605 271
4606 359
4607 240
4608 286
4609 200
4610 264
4611 226
4612 269
4613 237
4614 243
4615 309
4616 204
4617 275
4618 312
4619 247
4620 331
4621 306
4622 315
4623 209
4624 183
4625 387
4626 328
4627 312
4628 227
4629 322
4630 232
4631 252
4632 291
4633 250
4634 209
4635 290
4636 227
4637 249
4638 269
4639 289
4640 343
4641 202
4642 290
4643 213
4644 322
4645 314
4646 252
4647 324
4648 296
4649 327
4650 249
4651 338
4652 253
4653 351
4654 236
4655 267
4656 250
4657 239
4658 231
4659 264
4660 241
4661 308
4662 218
4663 226
4664 221
4665 203
4666 276
4667 287
4668 250
4669 165
4670 187
4671 209
4672 153
4673 239
4674 178
4675 194
4676 305
4677 281
4678 256
4679 312
4680 258
4681 209
4682 239
4683 250
4684 253
4685 216
4686 261
4687 217
4688 126
4689 359
4690 227
4691 251
4692 244
4693 274
4694 101
4695 313
4696 258
4697 255
4698 232
4699 251
4700 286
4701 239
4702 233
4703 256
4704 309
4705 220
4706 300
4707 241
4708 296
4709 241
4710 225
4711 248
4712 250
4713 222
4714 303
4715 205
4716 221
4717 264
4718 272
4719 220
4720 302
4721 279
4722 314
4723 376
4724 319
4725 230
4726 295
4727 274
4728 231
4729 204
4730 229
4731 286
4732 219
4733 206
4734 294
4735 226
4736 301
4737 294
4738 257
4739 230
4740 275
4741 274
4742 224
4743 253
4744 250
4745 252
4746 259
4747 320
4748 318
4749 300
4750 252
4751 306
4752 240
4753 257
4754 218
4755 290
4756 238
4757 246
4758 284
4759 241
4760 327
4761 292
4762 258
4763 277
4764 171
4765 234
4766 227
4767 164
4768 267
4769 215
4770 264
4771 284
4772 208
4773 210
4774 252
4775 238
4776 245
4777 299
4778 293
4779 258
4780 247
4781 315
4782 229
4783 338
4784 375
4785 371
4786 353
4787 363
4788 186
4789 227
4790 238
4791 248
4792 251
4793 282
4794 292
4795 258
4796 255
4797 376
4798 304
4799 334
4800 237
4801 333
4802 230
4803 231
4804 167
4805 241
4806 242
4807 217
4808 315
4809 319
4810 240
4811 208
4812 196
4813 293
4814 294
4815 263
4816 306
4817 309
4818 272
4819 220
4820 268
4821 255
4822 183
4823 221
4824 253
4825 305
4826 279
4827 290
4828 305
4829 249
4830 316
4831 214
4832 289
4833 300
4834 327
4835 301
4836 221
4837 222
4838 267
4839 256
4840 305
4841 362
4842 312
4843 231
4844 327
4845 335
4846 236
4847 375
4848 375
4849 271
4850 339
4851 248
4852 298
4853 216
4854 201
4855 219
4856 222
4857 291
4858 269
4859 338
4860 327
4861 226
4862 243
4863 237
4864 228
4865 256
4866 262
4867 337
4868 270
4869 274
4870 229
4871 340
4872 312
4873 306
4874 275
4875 258
4876 281
4877 278
4878 227
4879 213
4880 261
4881 204
4882 177
4883 233
4884 179
4885 233
4886 200
4887 221
4888 312
4889 258
4890 266
4891 260
4892 290
4893 289
4894 264
4895 320
4896 314
4897 245
4898 278
4899 320
4900 257
4901 238
4902 225
4903 247
4904 341
4905 262
4906 408
4907 309
4908 356
4909 313
4910 284
4911 325
4912 207
4913 218
4914 179
4915 222
4916 232
4917 234
4918 279
4919 256
4920 346
4921 295
4922 244
4923 285
4924 323
4925 284
4926 234
4927 236
4928 257
4929 263
4930 242
4931 256
4932 264
4933 309
4934 364
4935 328
4936 217
4937 288
4938 326
4939 205
4940 249
4941 232
4942 297
4943 240
4944 232
4945 307
4946 306
4947 263
4948 226
4949 336
4950 306
4951 258
4952 286
4953 226
4954 181
4955 192
4956 170
4957 248
4958 228
4959 174
4960 182
4961 346
4962 305
4963 340
4964 313
4965 249
4966 395
4967 326
4968 317
4969 307
4970 238
4971 239
4972 305
4973 255
4974 319
4975 281
4976 286
4977 283
4978 348
4979 354
4980 285
4981 203
4982 181
4983 181
4984 209
4985 201
4986 161
4987 241
4988 289
4989 261
4990 228
4991 256
4992 253
4993 282
4994 311
4995 276
4996 254
4997 219
4998 295
4999 209
5000 208
5001 213
5002 191
5003 281
5004 279
5005 293
5006 136
5007 227
5008 237
5009 280
5010 266
5011 296
5012 281
5013 319
5014 304
5015 276
5016 211
5017 292
5018 239
5019 226
5020 193
5021 289
5022 317
5023 266
5024 318
5025 268
5026 191
5027 379
5028 235
5029 263
5030 220
5031 193
5032 226
5033 137
5034 203
5035 200
5036 216
5037 276
5038 281
5039 284
5040 240
5041 272
5042 278
5043 222
5044 252
5045 237
5046 264
5047 215
5048 227
5049 240
5050 355
5051 205
5052 211
5053 283
5054 199
5055 199
5056 339
5057 250
5058 196
5059 268
5060 300
5061 303
5062 135
5063 266
5064 207
5065 340
5066 244
5067 283
5068 206
5069 313
5070 263
5071 231
5072 311
5073 220
5074 313
5075 228
5076 273
5077 293
5078 265
5079 272
5080 268
5081 238
5082 221
5083 277
5084 304
5085 351
5086 223
5087 287
5088 272
5089 313
5090 249
5091 249
5092 237
5093 277
5094 323
5095 287
5096 265
5097 249
5098 186
5099 251
5100 220
5101 223
5102 206
5103 193
5104 181
5105 194
5106 316
5107 267
5108 291
5109 267
5110 223
5111 240
5112 189
5113 206
5114 243
5115 228
5116 179
5117 259
5118 161
5119 224
5120 281
5121 185
5122 310
5123 234
5124 308
5125 293
5126 188
5127 260
5128 265
5129 305
5130 231
5131 230
5132 250
5133 271
5134 170
5135 175
5136 147
5137 229
5138 227
5139 239
5140 196
5141 242
5142 272
5143 191
5144 204
5145 162
5146 202
5147 212
5148 227
5149 175
5150 241
5151 222
5152 264
5153 213
5154 175
5155 278
5156 238
5157 313
5158 210
5159 320
5160 288
5161 262
5162 328
5163 290
5164 266
5165 269
5166 278
5167 226
5168 259
5169 229
5170 275
5171 346
5172 268
5173 260
5174 369
5175 351
5176 226
5177 238
5178 240
5179 233
5180 325
5181 248
5182 304
5183 330
5184 319
5185 226
5186 304
5187 332
5188 313
5189 309
5190 290
5191 255
5192 223
5193 298
5194 261
5195 314
5196 285
5197 276
5198 241
5199 236
5200 249
5201 234
5202 270
5203 232
5204 291
5205 283
5206 273
5207 294
5208 278
5209 296
5210 294
5211 326
5212 337
5213 341
5214 227
5215 226
5216 230
5217 163
5218 231
5219 329
5220 258
5221 236
5222 225
5223 250
5224 223
5225 231
5226 266
5227 290
5228 271
5229 236
5230 317
5231 207
5232 253
5233 209
5234 255
5235 242
5236 289
5237 292
5238 237
5239 245
5240 190
5241 243
5242 290
5243 306
5244 334
5245 436
5246 436
5247 308
5248 224
5249 301
5250 319
5251 243
5252 389
5253 292
5254 283
5255 236
5256 217
5257 279
5258 252
5259 239
5260 227
5261 237
5262 231
5263 249
5264 181
5265 259
5266 224
5267 285
5268 242
5269 242
5270 265
5271 331
5272 309
5273 199
5274 203
5275 256
5276 254
5277 262
5278 310
5279 254
5280 288
5281 308
5282 278
5283 235
5284 240
5285 250
5286 249
5287 252
5288 196
5289 218
5290 239
5291 246
5292 251
5293 318
5294 287
5295 310
5296 271
5297 227
5298 256
5299 285
5300 273
5301 168
5302 226
5303 271
5304 364
5305 336
5306 159
5307 190
5308 235
5309 241
5310 162
5311 291
5312 412
5313 408
5314 340
5315 236
5316 334
5317 282
5318 276
5319 208
5320 212
5321 241
5322 256
5323 277
5324 193
5325 193
5326 205
5327 250
5328 323
5329 214
5330 254
5331 320
5332 191
5333 245
5334 348
5335 230
5336 224
5337 199
5338 307
5339 232
5340 365
5341 173
5342 186
5343 207
5344 239
5345 187
5346 251
5347 232
5348 257
5349 248
5350 191
5351 227
5352 324
5353 261
5354 328
5355 295
5356 326
5357 274
5358 198
5359 300
5360 249
5361 364
5362 238
5363 267
5364 399
5365 266
5366 224
5367 266
5368 316
5369 101
5370 290
5371 198
5372 233
5373 222
5374 192
5375 261
5376 261
5377 250
5378 310
5379 302
5380 215
5381 234
5382 336
5383 295
5384 220
5385 222
5386 254
5387 228
5388 269
5389 255
5390 286
5391 224
5392 157
5393 216
5394 186
5395 250
5396 305
5397 195
5398 226
5399 251
5400 210
5401 222
5402 242
5403 203
5404 317
5405 305
5406 199
5407 314
5408 298
5409 339
5410 345
5411 310
5412 248
5413 199
5414 202
5415 221
5416 274
5417 243
5418 283
5419 308
5420 238
5421 265
5422 218
5423 262
5424 238
5425 240
5426 273
5427 175
5428 312
5429 281
5430 288
5431 286
5432 286
5433 239
5434 262
5435 284
5436 326
5437 305
5438 292
5439 256
5440 286
5441 268
5442 242
5443 242
5444 303
5445 222
5446 294
5447 236
5448 302
5449 358
5450 249
5451 223
5452 245
5453 244
5454 318
5455 244
5456 270
5457 276
5458 151
5459 331
5460 315
5461 343
5462 349
5463 183
5464 269
5465 258
5466 276
5467 286
5468 252
5469 297
5470 346
5471 267
5472 316
5473 259
5474 292
5475 326
5476 323
5477 245
5478 292
5479 250
5480 201
5481 350
5482 271
5483 237
5484 210
5485 233
5486 338
5487 312
5488 284
5489 304
5490 303
5491 235
5492 290
5493 245
5494 310
5495 325
5496 338
5497 276
5498 272
5499 247
5500 189
5501 276
5502 318
5503 263
5504 268
5505 251
5506 280
5507 303
5508 352
5509 166
5510 240
5511 261
5512 274
5513 278
5514 282
5515 323
5516 356
5517 255
5518 242
5519 187
5520 231
5521 261
5522 265
5523 252
5524 267
5525 232
5526 173
5527 332
5528 262
5529 292
5530 317
5531 217
5532 222
5533 273
5534 241
5535 262
5536 258
5537 260
5538 239
5539 228
5540 237
5541 337
5542 292
5543 297
5544 362
5545 336
5546 176
5547 223
5548 248
5549 324
5550 238
5551 362
5552 278
5553 303
5554 306
5555 452
5556 392
5557 206
5558 248
5559 327
5560 258
5561 260
5562 291
5563 141
5564 283
5565 312
5566 260
5567 327
5568 331
5569 241
5570 264
5571 328
5572 250
5573 299
5574 310
5575 278
5576 262
5577 241
5578 307
5579 251
5580 253
5581 330
5582 262
5583 220
5584 184
5585 249
5586 999999999
5587 283
5588 208
5589 234
5590 285
5591 193
5592 221
5593 245
5594 273
5595 276
5596 349
5597 417
5598 192
5599 265
5600 248
5601 273
5602 262
5603 299
5604 253
5605 310
5606 243
5607 263
5608 222
5609 236
5610 190
5611 351
5612 213
5613 295
5614 179
5615 308
5616 245
5617 269
5618 275
5619 268
5620 268
5621 223
5622 248
5623 214
5624 181
5625 228
5626 177
5627 217
5628 256
5629 265
5630 248
5631 185
5632 268
5633 248
5634 246
5635 203
5636 206
5637 237
5638 267
5639 224
5640 190
5641 267
5642 273
5643 296
5644 368
5645 219
5646 336
5647 312
5648 306
5649 270
5650 322
5651 194
5652 317
5653 347
5654 355
5655 349
5656 365
5657 225
5658 210
5659 221
5660 269
5661 251
5662 275
5663 270
5664 242
5665 257
5666 257
5667 265
5668 215
5669 231
5670 322
5671 287
5672 229
5673 179
5674 257
5675 203
5676 281
5677 226
5678 262
5679 252
5680 267
5681 238
5682 238
5683 254
5684 214
5685 289
5686 203
5687 220
5688 218
5689 226
5690 223
5691 266
5692 239
5693 253
5694 238
5695 254
5696 244
5697 264
5698 242
5699 242
5700 264
5701 272
5702 227
5703 234
5704 298
5705 318
5706 236
5707 281
5708 265
5709 277
5710 225
5711 211
5712 283
5713 268
5714 296
5715 254
5716 297
5717 246
5718 245
5719 240
5720 285
5721 334
5722 273
5723 248
5724 319
5725 260
5726 264
5727 244
5728 208
5729 319
5730 278
5731 291
5732 361
5733 282
5734 326
5735 279
5736 320
5737 252
5738 261
5739 245
5740 253
5741 359
5742 262
5743 289
5744 193
5745 245
5746 232
5747 265
5748 319
5749 304
5750 368
5751 315
5752 208
5753 217
5754 260
5755 281
5756 333
5757 275
5758 260
5759 259
5760 281
5761 285
5762 312
5763 263
5764 322
5765 205
5766 270
5767 276
5768 190
5769 279
5770 312
5771 241
5772 301
5773 266
5774 291
5775 215
5776 382
5777 254
5778 326
5779 248
5780 297
5781 272
5782 302
5783 302
5784 243
5785 294
5786 350
5787 215
5788 311
5789 248
5790 335
5791 160
5792 258
5793 298
5794 325
5795 263
5796 278
5797 224
5798 232
5799 242
5800 272
5801 190
5802 154
5803 209
5804 291
5805 317
5806 267
5807 246
5808 198
5809 203
5810 321
5811 212
5812 335
5813 240
5814 254
5815 188
5816 263
5817 171
5818 184
5819 196
5820 211
5821 162
5822 161
5823 192
5824 179
5825 161
5826 261
5827 268
5828 320
5829 275
5830 313
5831 140
5832 184
5833 267
5834 296
5835 232
5836 250
5837 220
5838 312
5839 280
5840 259
5841 283
5842 248
5843 219
5844 173
5845 292
5846 269
5847 278
5848 281
5849 295
5850 281
5851 329
5852 283
5853 253
5854 287
5855 274
5856 233
5857 222
5858 249
5859 297
5860 248
5861 194
5862 241
5863 303
5864 387
5865 280
5866 243
5867 246
5868 277
5869 290
5870 318
5871 289
5872 291
5873 244
5874 367
5875 392
5876 258
5877 316
5878 287
5879 341
5880 266
5881 315
5882 292
5883 287
5884 176
5885 198
5886 203
5887 303
5888 278
5889 310
5890 283
5891 278
5892 289
5893 310
5894 294
5895 288
5896 372
5897 410
5898 327
5899 248
5900 307
5901 284
5902 303
5903 219
5904 330
5905 327
5906 191
5907 196
5908 260
5909 260
5910 295
5911 231
5912 256
5913 242
5914 304
5915 343
5916 261
5917 326
5918 260
5919 236
5920 277
5921 317
5922 271
5923 323
5924 205
5925 237
5926 287
5927 216
5928 260
5929 446
5930 297
5931 319
5932 323
5933 230
5934 287
5935 235
5936 287
5937 310
5938 314
5939 294
5940 286
5941 191
5942 258
5943 317
5944 238
5945 178
5946 268
5947 224
5948 222
5949 241
5950 248
5951 273
5952 277
5953 246
5954 285
5955 377
5956 358
5957 310
5958 141
5959 310
5960 253
5961 242
5962 305
5963 298
5964 348
5965 315
5966 264
5967 217
5968 265
5969 240
5970 287
5971 267
5972 347
5973 181
5974 265
5975 208
5976 180
5977 218
5978 368
5979 274
5980 307
5981 382
5982 175
5983 143
5984 294
5985 285
5986 245
5987 306
5988 324
5989 266
5990 317
5991 260
5992 316
5993 260
5994 286
5995 277
5996 297
5997 260
5998 339
5999 245
6000 274
6001 313
6002 272
6003 469
6004 472
6005 333
6006 282
6007 224
6008 265
6009 202
6010 197
6011 229
6012 359
6013 303
6014 138
6015 232
6016 162
6017 292
6018 283
6019 276
6020 274
6021 249
6022 270
6023 247
6024 265
6025 295
6026 260
6027 290
6028 291
6029 250
6030 165
6031 203
6032 160
6033 228
6034 233
6035 292
6036 193
6037 274
6038 207
6039 281
6040 267
6041 250
6042 288
6043 215
6044 219
6045 393
6046 367
6047 225
6048 288
6049 340
6050 266
6051 246
6052 290
6053 270
6054 305
6055 328
6056 293
6057 312
6058 271
6059 356
6060 293
6061 254
6062 225
6063 327
6064 297
6065 323
6066 360
6067 284
6068 357
6069 295
6070 329
6071 261
6072 271
6073 224
6074 264
6075 309
6076 283
6077 268
6078 255
6079 236
6080 227
6081 222
6082 317
6083 231
6084 309
6085 308
6086 298
6087 266
6088 235
6089 245
6090 266
6091 306
6092 272
6093 290
6094 258
6095 224
6096 282
6097 248
6098 289
6099 403
6100 191
6101 260
6102 264
6103 279
6104 279
6105 257
6106 215
6107 241
6108 248
6109 269
6110 309
6111 266
6112 264
6113 346
6114 288
6115 175
6116 205
6117 228
6118 295
6119 260
6120 249
6121 301
6122 299
6123 309
6124 338
6125 297
6126 289
6127 261
6128 257
6129 234
6130 296
6131 232
6132 364
6133 342
6134 290
6135 331
6136 250
6137 221
6138 335
6139 299
6140 224
6141 303
6142 276
6143 226
6144 267
6145 311
6146 277
6147 282
6148 192
6149 212
6150 304
6151 344
6152 386
6153 305
6154 255
6155 406
6156 410
6157 343
6158 360
6159 354
6160 245
6161 234
6162 308
6163 290
6164 321
6165 242
6166 317
6167 306
6168 275
6169 239
6170 301
6171 274
6172 274
6173 317
6174 292
6175 277
6176 317
6177 296
6178 305
6179 215
6180 261
6181 395
6182 412
6183 306
6184 294
6185 255
6186 185
6187 275
6188 278
6189 272
6190 262
6191 316
6192 369
6193 302
6194 348
6195 369
6196 224
6197 200
6198 261
6199 168
6200 218
6201 185
6202 232
6203 271
6204 206
6205 282
6206 221
6207 240
6208 266
6209 240
6210 300
6211 392
6212 276
6213 224
6214 285
6215 288
6216 202
6217 232
6218 225
6219 257
6220 271
6221 162
6222 291
6223 212
6224 280
6225 319
6226 182
6227 236
6228 257
6229 318
6230 242
6231 278
6232 340
6233 320
6234 261
6235 233
6236 338
6237 315
6238 180
6239 339
6240 214
6241 293
6242 264
6243 225
6244 293
6245 281
6246 287
6247 289
6248 188
6249 281
6250 266
6251 414
6252 410
6253 263
6254 360
6255 259
6256 292
6257 270
6258 265
6259 335
6260 212
6261 306
6262 289
6263 231
6264 292
6265 207
6266 346
6267 313
6268 325
6269 278
6270 318
6271 275
6272 207
6273 196
6274 344
6275 219
6276 336
6277 250
6278 267
6279 274
6280 267
6281 249
6282 245
6283 254
6284 278
6285 238
6286 285
6287 323
6288 245
6289 297
6290 263
6291 289
6292 244
6293 308
6294 234
6295 414
6296 366
6297 354
6298 407
6299 248
6300 267
6301 285
6302 221
6303 256
6304 276
6305 287
6306 311
6307 305
6308 239
6309 203
6310 252
6311 258
6312 348
6313 195
6314 257
6315 227
6316 210
6317 272
6318 221
6319 260
6320 275
6321 318
6322 302
6323 219
6324 259
6325 296
6326 305
6327 204
6328 212
6329 233
6330 269
6331 224
6332 247
6333 230
6334 263
6335 295
6336 275
6337 248
6338 237
6339 209
6340 291
6341 263
6342 320
6343 248
6344 285
6345 296
6346 266
6347 306
6348 235
6349 240
6350 234
6351 228
6352 236
6353 240
6354 319
6355 327
6356 236
6357 361
6358 223
6359 316
6360 342
6361 313
6362 354
6363 243
6364 250
6365 360
6366 243
6367 241
6368 267
6369 218
6370 286
6371 240
6372 268
6373 254
6374 266
6375 276
6376 274
6377 263
6378 340
6379 265
6380 197
6381 238
6382 275
6383 360
6384 240
6385 289
6386 263
6387 316
6388 285
6389 281
6390 244
6391 243
6392 218
6393 282
6394 295
6395 245
6396 238
6397 316
6398 251
6399 302
6400 277
6401 296
6402 209
6403 297
6404 260
6405 242
6406 370
6407 313
6408 276
6409 272
6410 297
6411 276
6412 216
6413 283
6414 227
6415 262
6416 233
6417 266
6418 194
6419 307
6420 263
6421 334
6422 254
6423 267
6424 286
6425 345
6426 253
6427 272
6428 252
6429 295
6430 214
6431 264
6432 246
6433 277
6434 306
6435 267
6436 202
6437 296
6438 206
6439 205
6440 235
6441 306
6442 217
6443 264
6444 290
6445 161
6446 254
6447 185
6448 165
6449 184
6450 228
6451 270
6452 318
6453 245
6454 292
6455 303
6456 326
6457 351
6458 389
6459 277
6460 341
6461 307
6462 246
6463 257
6464 237
6465 250
6466 250
6467 353
6468 275
6469 263
6470 254
6471 245
6472 217
6473 327
6474 247
6475 260
6476 272
6477 294
6478 206
6479 200
6480 307
6481 358
6482 256
6483 405
6484 352
6485 332
6486 553
6487 280
6488 375
6489 497
6490 352
6491 262
6492 377
6493 258
6494 291
6495 278
6496 271
6497 316
6498 288
6499 273
6500 228
6501 284
6502 325
6503 337
6504 280
6505 328
6506 328
6507 353
6508 280
6509 281
6510 208
6511 296
6512 296
6513 346
6514 248
6515 379
6516 340
6517 364
6518 385
6519 237
6520 375
6521 328
6522 454
6523 240
6524 324
6525 287
6526 343
6527 233
6528 307
6529 348
6530 287
6531 290
6532 350
6533 288
6534 277
6535 327
6536 290
6537 364
6538 225
6539 194
6540 187
6541 274
6542 214
6543 345
6544 289
6545 304
6546 282
6547 339
6548 309
6549 251
6550 329
6551 248
6552 332
6553 330
6554 279
6555 288
6556 252
6557 222
6558 374
6559 401
6560 220
6561 447
6562 288
6563 235
6564 333
6565 356
6566 324
6567 325
6568 330
6569 268
6570 260
6571 331
6572 257
6573 253
6574 307
6575 354
6576 296
6577 288
6578 384
6579 293
6580 284
6581 338
6582 425
6583 366
6584 274
6585 383
6586 275
6587 259
6588 300
6589 236
6590 310
6591 331
6592 325
6593 260
6594 250
6595 260
6596 275
6597 277
6598 303
6599 238
6600 208
6601 296
6602 376
6603 359
6604 378
6605 333
6606 294
6607 288
6608 338
6609 269
6610 312
6611 357
6612 376
6613 256
6614 238
6615 277
6616 279
6617 279
6618 297
6619 276
6620 258
6621 278
6622 240
6623 283
6624 282
6625 293
6626 254
6627 226
6628 311
6629 258
6630 242
6631 267
6632 265
6633 356
6634 264
6635 293
6636 326
6637 250
6638 309
6639 333
6640 306
6641 336
6642 354
6643 316
6644 370
6645 341
6646 215
6647 269
6648 285
6649 253
6650 298
6651 191
6652 318
6653 342
6654 301
6655 325
6656 301
6657 248
6658 309
6659 328
6660 281
6661 262
6662 259
6663 346
6664 268
6665 290
6666 268
6667 284
6668 270
6669 292
6670 333
6671 242
6672 379
6673 334
6674 266
6675 248
6676 305
6677 278
6678 248
6679 317
6680 322
6681 279
6682 282
6683 269
6684 343
6685 322
6686 316
6687 219
6688 326
6689 272
6690 328
6691 285
6692 221
6693 243
6694 286
6695 304
6696 222
6697 258
6698 269
6699 350
6700 247
6701 328
6702 288
6703 245
6704 389
6705 237
6706 344
6707 289
6708 359
6709 393
6710 349
6711 248
6712 305
6713 344
6714 274
6715 244
6716 301
6717 156
6718 303
6719 323
6720 255
6721 277
6722 293
6723 240
6724 198
6725 245
6726 265
6727 257
6728 284
6729 237
6730 235
6731 310
6732 315
6733 310
6734 259
6735 239
6736 292
6737 351
6738 335
6739 208
6740 270
6741 249
6742 255
6743 311
6744 269
6745 195
6746 214
6747 244
6748 239
6749 290
6750 297
6751 266
6752 339
6753 319
6754 343
6755 274
6756 223
6757 338
6758 262
6759 331
6760 254
6761 381
6762 337
6763 339
6764 375
6765 355
6766 329
6767 351
6768 223
6769 221
6770 320
6771 196
6772 314
6773 292
6774 259
6775 270
6776 305
6777 257
6778 258
6779 227
6780 282
6781 204
6782 332
6783 377
6784 292
6785 310
6786 247
6787 156
6788 258
6789 324
6790 322
6791 294
6792 332
6793 200
6794 297
6795 242
6796 248
6797 245
6798 265
6799 291
6800 258
6801 288
6802 260
6803 281
6804 272
6805 261
6806 246
6807 293
6808 240
6809 273
6810 258
6811 269
6812 396
6813 210
6814 299
6815 215
6816 286
6817 237
6818 226
6819 280
6820 353
6821 249
6822 253
6823 278
6824 265
6825 292
6826 400
6827 367
6828 257
6829 181
6830 272
6831 297
6832 296
6833 244
6834 297
6835 267
6836 292
6837 279
6838 390
6839 329
6840 285
6841 272
6842 237
6843 199
6844 277
6845 315
6846 250
6847 284
6848 327
6849 306
6850 415
6851 218
6852 265
6853 216
6854 379
6855 315
6856 346
6857 361
6858 306
6859 282
6860 352
6861 215
6862 236
6863 311
6864 260
6865 357
6866 257
6867 320
6868 337
6869 266
6870 320
6871 289
6872 234
6873 253
6874 272
6875 313
6876 261
6877 366
6878 282
6879 335
6880 288
6881 276
6882 230
6883 232
6884 339
6885 272
6886 261
6887 286
6888 299
6889 249
6890 267
6891 305
6892 262
6893 317
6894 340
6895 317
6896 263
6897 248
6898 373
6899 308
6900 285
6901 334
6902 389
6903 395
6904 207
6905 263
6906 192
6907 202
6908 174
6909 235
6910 282
6911 281
6912 256
6913 318
6914 352
6915 396
6916 286
6917 262
6918 273
6919 215
6920 279
6921 318
6922 326
6923 311
6924 242
6925 298
6926 276
6927 217
6928 198
6929 166
6930 201
6931 184
6932 313
6933 285
6934 330
6935 251
6936 261
6937 237
6938 215
6939 245
6940 358
6941 331
6942 298
6943 342
6944 282
6945 232
6946 273
6947 277
6948 260
6949 282
6950 251
6951 267
6952 295
6953 258
6954 234
6955 304
6956 317
6957 322
6958 286
6959 221
6960 343
6961 295
6962 399
6963 431
6964 244
6965 260
6966 219
6967 186
6968 308
6969 275
6970 342
6971 360
6972 287
6973 261
6974 303
6975 302
6976 280
6977 290
6978 324
6979 221
6980 224
6981 261
6982 203
6983 350
6984 268
6985 293
6986 265
6987 295
6988 290
6989 264
6990 303
6991 242
6992 270
6993 252
6994 254
6995 298
6996 327
6997 269
6998 283
6999 302
7000 249
7001 187
7002 203
7003 271
7004 280
7005 294
7006 287
7007 207
7008 314
7009 232
7010 168
7011 230
7012 221
7013 259
7014 274
7015 238
7016 218
7017 227
7018 187
7019 268
7020 339
7021 295
7022 196
7023 322
7024 368
7025 359
7026 282
7027 277
7028 339
7029 269
7030 215
7031 332
7032 260
7033 312
7034 276
7035 388
7036 333
7037 218
7038 346
7039 287
7040 206
7041 326
7042 319
7043 236
7044 262
7045 337
7046 338
7047 376
7048 369
7049 204
7050 269
7051 277
7052 233
7053 228
7054 401
7055 262
7056 253
7057 403
7058 290
7059 318
7060 287
7061 336
7062 353
7063 358
7064 313
7065 213
7066 228
7067 353
7068 321
7069 254
7070 348
7071 301
7072 289
7073 333
7074 329
7075 309
7076 324
7077 334
7078 284
7079 153
7080 240
7081 236
7082 302
7083 230
7084 304
7085 309
7086 326
7087 290
7088 307
7089 339
7090 315
7091 346
7092 286
7093 285
7094 322
7095 272
7096 246
7097 302
7098 272
7099 237
7100 268
7101 232
7102 288
7103 246
7104 234
7105 337
7106 300
7107 277
7108 318
7109 323
7110 234
7111 235
7112 303
7113 290
7114 253
7115 315
7116 324
7117 320
7118 257
7119 293
7120 386
7121 258
7122 259
7123 289
7124 333
7125 262
7126 279
7127 240
7128 198
7129 246
7130 203
7131 311
7132 321
7133 301
7134 248
7135 197
7136 239
7137 277
7138 306
7139 259
7140 367
7141 364
7142 376
7143 316
7144 324
7145 377
7146 279
7147 237
7148 226
7149 438
7150 359
7151 369
7152 266
7153 435
7154 282
7155 376
7156 258
7157 234
7158 307
7159 306
7160 292
7161 274
7162 183
7163 249
7164 273
7165 331
7166 334
7167 283
7168 244
7169 279
7170 229
7171 378
7172 340
7173 330
7174 299
7175 326
7176 282
7177 279
7178 244
7179 337
7180 271
7181 300
7182 289
7183 268
7184 221
7185 235
7186 262
7187 251
7188 236
7189 229
7190 202
7191 321
7192 284
7193 318
7194 280
7195 260
7196 330
7197 205
7198 300
7199 201
7200 320
7201 191
7202 223
7203 365
7204 305
7205 294
7206 254
7207 295
7208 265
7209 278
7210 298
7211 424
7212 280
7213 318
7214 342
7215 255
7216 318
7217 206
7218 298
7219 202
7220 319
7221 283
7222 391
7223 239
7224 256
7225 332
7226 324
7227 282
7228 402
7229 324
7230 293
7231 275
7232 259
7233 300
7234 417
7235 311
7236 277
7237 340
7238 284
7239 288
7240 212
7241 329
7242 248
7243 249
7244 262
7245 252
7246 296
7247 302
7248 280
7249 307
7250 271
7251 267
7252 269
7253 405
7254 394
7255 313
7256 209
7257 182
7258 248
7259 270
7260 430
7261 455
7262 344
7263 487
7264 426
7265 278
7266 260
7267 262
7268 410
7269 254
7270 285
7271 245
7272 299
7273 302
7274 281
7275 264
7276 376
7277 247
7278 224
7279 217
7280 221
7281 271
7282 296
7283 279
7284 310
7285 235
7286 270
7287 301
7288 231
7289 200
7290 235
7291 240
7292 289
7293 195
7294 282
7295 214
7296 246
7297 270
7298 211
7299 247
7300 237
7301 243
7302 249
7303 286
7304 249
7305 215
7306 223
7307 284
7308 263
7309 253
7310 236
7311 247
7312 224
7313 222
7314 291
7315 237
7316 197
7317 237
7318 249
7319 278
7320 249
7321 269
7322 395
7323 343
7324 225
7325 280
7326 235
7327 185
7328 270
7329 328
7330 278
7331 220
7332 247
7333 240
7334 275
7335 300
7336 270
7337 287
7338 248
7339 293
7340 273
7341 315
7342 262
7343 249
7344 390
7345 288
7346 223
7347 196
7348 294
7349 320
7350 194
7351 440
7352 409
7353 228
7354 287
7355 240
7356 325
7357 279
7358 284
7359 361
7360 294
7361 214
7362 289
7363 308
7364 356
7365 280
7366 249
7367 310
7368 260
7369 197
7370 284
7371 321
7372 241
7373 270
7374 271
7375 327
7376 323
7377 272
7378 335
7379 317
7380 227
7381 177
7382 334
7383 999999999
7384 321
7385 999999999
7386 264
7387 168
7388 999999999
7389 285
7390 303
7391 263
7392 241
7393 278
7394 288
7395 323
7396 356
7397 175
7398 242
7399 290
7400 217
7401 362
7402 366
7403 206
7404 426
7405 298
7406 308
7407 275
7408 237
7409 350
7410 283
7411 362
7412 231
7413 334
7414 335
7415 409
7416 289
7417 417
7418 312
7419 244
7420 282
7421 239
7422 283
7423 239
7424 306
7425 314
7426 343
7427 391
7428 262
7429 221
7430 253
7431 309
7432 280
7433 217
7434 218
7435 189
7436 317
7437 291
7438 281
7439 235
7440 287
7441 281
7442 256
7443 351
7444 214
7445 297
7446 227
7447 253
7448 303
7449 236
7450 295
7451 269
7452 251
7453 243
7454 353
7455 295
7456 292
7457 268
7458 258
7459 198
7460 183
7461 293
7462 288
7463 294
7464 325
7465 291
7466 311
7467 247
7468 297
7469 252
7470 220
7471 346
7472 257
7473 297
7474 407
7475 345
7476 314
7477 340
7478 363
7479 288
7480 212
7481 236
7482 180
7483 223
7484 216
7485 225
7486 200
7487 267
7488 280
7489 338
7490 287
7491 320
7492 359
7493 382
7494 351
7495 352
7496 241
7497 368
7498 341
7499 327
7500 353
7501 383
7502 373
7503 295
7504 302
7505 358
7506 330
7507 268
7508 241
7509 283
7510 337
7511 286
7512 265
7513 287
7514 276
7515 320
7516 308
7517 352
7518 401
7519 396
7520 255
7521 184
7522 356
7523 364
7524 283
7525 342
7526 287
7527 253
7528 334
7529 278
7530 323
7531 201
7532 335
7533 308
7534 269
7535 261
7536 277
7537 311
7538 199
7539 288
7540 325
7541 307
7542 272
7543 266
7544 291
7545 341
7546 384
7547 375
7548 234
7549 257
7550 418
7551 231
7552 291
7553 225
7554 219
7555 218
7556 314
7557 271
7558 427
7559 345
7560 360
7561 427
7562 410
7563 311
7564 313
7565 195
7566 368
7567 239
7568 380
7569 333
7570 208
7571 319
7572 321
7573 316
7574 282
7575 177
7576 235
7577 255
7578 302
7579 275
7580 312
7581 200
7582 325
7583 297
7584 285
7585 293
7586 344
7587 277
7588 283
7589 332
7590 252
7591 285
7592 267
7593 362
7594 329
7595 281
7596 352
7597 253
7598 389
7599 408
7600 330
7601 258
7602 321
7603 314
7604 275
7605 467
7606 280
7607 280
7608 289
7609 250
7610 301
7611 249
7612 251
7613 249
7614 301
7615 226
7616 340
7617 329
7618 358
7619 267
7620 344
7621 285
7622 325
7623 331
7624 229
7625 299
7626 234
7627 309
7628 359
7629 238
7630 350
7631 291
7632 360
7633 323
7634 290
7635 308
7636 366
7637 354
7638 362
7639 294
7640 281
7641 349
7642 390
7643 287
7644 319
7645 396
7646 331
7647 242
7648 281
7649 378
7650 382
7651 299
7652 304
7653 274
7654 316
7655 339
7656 350
7657 394
7658 392
7659 280
7660 304
7661 351
7662 258
7663 283
7664 341
7665 363
7666 354
7667 248
7668 282
7669 311
7670 305
7671 279
7672 321
7673 330
7674 259
7675 355
7676 338
7677 184
7678 294
7679 264
7680 343
7681 205
7682 326
7683 360
7684 357
7685 301
7686 374
7687 298
7688 254
7689 316
7690 348
7691 268
7692 273
7693 244
7694 257
7695 234
7696 315
7697 215
7698 299
7699 271
7700 235
7701 274
7702 356
7703 248
7704 305
7705 267
7706 275
7707 271
7708 329
7709 271
7710 319
7711 335
7712 240
7713 214
7714 268
7715 280
7716 294
7717 275
7718 284
7719 273
7720 366
7721 316
7722 288
7723 275
7724 271
7725 308
7726 353
7727 376
7728 279
7729 210
7730 363
7731 273
7732 299
7733 235
7734 222
7735 340
7736 336
7737 355
7738 315
7739 294
7740 321
7741 348
7742 264
7743 316
7744 350
7745 303
7746 370
7747 383
7748 323
7749 303
7750 318
7751 312
7752 264
7753 321
7754 320
7755 405
7756 329
7757 256
7758 276
7759 356
7760 325
7761 358
7762 334
7763 268
7764 329
7765 310
7766 291
7767 314
7768 374
7769 310
7770 178
7771 313
7772 321
7773 303
7774 239
7775 289
7776 269
7777 352
7778 320
7779 262
7780 296
7781 310
7782 335
7783 171
7784 360
7785 323
7786 329
7787 332
7788 287
7789 333
7790 286
7791 286
7792 318
7793 347
7794 281
7795 288
7796 301
7797 409
7798 347
7799 359
7800 198
7801 380
7802 307
7803 337
7804 256
7805 289
7806 299
7807 339
7808 310
7809 361
7810 334
7811 355
7812 286
7813 320
7814 204
7815 222
7816 295
7817 313
7818 327
7819 270
7820 266
7821 270
7822 205
7823 320
7824 376
7825 425
7826 259
7827 407
7828 314
7829 244
7830 379
7831 284
7832 317
7833 311
7834 342
7835 272
7836 387
7837 349
7838 283
7839 331
7840 339
7841 324
7842 308
7843 302
7844 297
7845 216
7846 252
7847 307
7848 302
7849 258
7850 234
7851 258
7852 385
7853 294
7854 264
7855 286
7856 398
7857 412
7858 283
7859 349
7860 322
7861 344
7862 327
7863 241
7864 579
7865 651
7866 624
7867 590
7868 363
7869 399
7870 372
7871 303
7872 295
7873 301
7874 299
7875 313
7876 303
7877 375
7878 328
7879 318
7880 236
7881 350
7882 281
7883 283
7884 367
7885 379
7886 375
7887 281
7888 345
7889 333
7890 306
7891 336
7892 293
7893 321
7894 295
7895 193
7896 249
7897 315
7898 262
7899 286
7900 261
7901 268
7902 335
7903 382
7904 342
7905 301
7906 381
7907 311
7908 294
7909 378
7910 322
7911 360
7912 446
7913 369
7914 457
7915 323
7916 318
7917 261
7918 323
7919 372
7920 288
7921 329
7922 437
7923 378
7924 338
7925 362
7926 307
7927 381
7928 320
7929 308
7930 347
7931 315
7932 281
7933 372
7934 331
7935 283
7936 289
7937 279
7938 326
7939 227
7940 229
7941 314
7942 281
7943 261
7944 295
7945 260
7946 231
7947 291
7948 282
7949 328
7950 356
7951 348
7952 329
7953 305
7954 255
7955 312
7956 353
7957 311
7958 373
7959 242
7960 228
7961 333
7962 325
7963 302
7964 256
7965 380
7966 300
7967 391
7968 370
7969 342
7970 356
7971 288
7972 375
7973 329
7974 324
7975 334
7976 252
7977 270
7978 328
7979 334
7980 281
7981 302
7982 332
7983 268
7984 319
7985 294
7986 254
7987 252
7988 295
7989 326
7990 336
7991 320
7992 301
7993 266
7994 259
7995 273
7996 363
7997 297
7998 384
7999 281
8000 197
8001 295
8002 342
8003 329
8004 167
8005 165
8006 239
8007 225
8008 234
8009 278
8010 216
8011 301
8012 252
8013 278
8014 295
8015 247
8016 305
8017 261
8018 221
8019 328
8020 365
8021 239
8022 309
8023 278
8024 376
8025 324
8026 315
8027 334
8028 330
8029 328
8030 426
8031 260
8032 221
8033 271
8034 343
8035 381
8036 351
8037 327
8038 298
8039 368
8040 311
8041 301
8042 337
8043 373
8044 355
8045 420
8046 393
8047 321
8048 273
8049 296
8050 358
8051 334
8052 282
8053 308
8054 349
8055 245
8056 275
8057 288
8058 288
8059 273
8060 478
8061 450
8062 321
8063 336
8064 292
8065 309
8066 395
8067 406
8068 258
8069 268
8070 272
8071 267
8072 321
8073 294
8074 331
8075 299
8076 296
8077 274
8078 381
8079 426
8080 341
8081 375
8082 389
8083 376
8084 310
8085 305
8086 267
8087 249
8088 334
8089 313
8090 317
8091 356
8092 322
8093 360
8094 271
8095 295
8096 246
8097 296
8098 322
8099 287
8100 265
8101 441
8102 343
8103 338
8104 258
8105 218
8106 279
8107 403
8108 366
8109 271
8110 277
8111 294
8112 281
8113 304
8114 275
8115 317
8116 318
8117 312
8118 283
8119 308
8120 229
8121 378
8122 269
8123 307
8124 214
8125 542
8126 284
8127 278
8128 244
8129 334
8130 246
8131 277
8132 355
8133 316
8134 302
8135 274
8136 276
8137 365
8138 410
8139 363
8140 274
8141 315
8142 332
8143 368
8144 319
8145 302
8146 310
8147 394
8148 279
8149 369
8150 248
8151 247
8152 255
8153 321
8154 299
8155 281
8156 258
8157 300
8158 265
8159 284
8160 277
8161 244
8162 259
8163 295
8164 317
8165 319
8166 304
8167 379
8168 329
8169 260
8170 395
8171 316
8172 286
8173 279
8174 327
8175 308
8176 370
8177 325
8178 325
8179 243
8180 249
8181 280
8182 389
8183 300
8184 298
8185 246
8186 407
8187 419
8188 408
8189 411
8190 274
8191 325
8192 409
8193 325
8194 352
8195 259
8196 262
8197 256
8198 297
8199 261
8200 413
8201 364
8202 347
8203 309
8204 387
8205 364
8206 366
8207 241
8208 373
8209 322
8210 289
8211 282
8212 375
8213 304
8214 278
8215 279
8216 372
8217 311
8218 253
8219 269
8220 363
8221 321
8222 270
8223 332
8224 318
8225 288
8226 394
8227 324
8228 255
8229 398
8230 268
8231 281
8232 255
8233 342
8234 277
8235 482
8236 374
8237 300
8238 281
8239 211
8240 215
8241 244
8242 299
8243 263
8244 256
8245 332
8246 260
8247 222
8248 288
8249 283
8250 348
8251 334
8252 285
8253 115
8254 268
8255 271
8256 290
8257 336
8258 303
8259 339
8260 359
8261 287
8262 277
8263 360
8264 416
8265 239
8266 342
8267 388
8268 364
8269 271
8270 319
8271 277
8272 294
8273 307
8274 340
8275 328
8276 382
8277 333
8278 288
8279 213
8280 265
8281 265
8282 227
8283 354
8284 269
8285 340
8286 358
8287 412
8288 373
8289 297
8290 415
8291 370
8292 393
8293 345
8294 497
8295 299
8296 318
8297 342
8298 331
8299 394
8300 441
8301 298
8302 482
8303 444
8304 296
8305 367
8306 265
8307 261
8308 352
8309 189
8310 290
8311 315
8312 317
8313 299
8314 301
8315 371
8316 347
8317 347
8318 273
8319 349
8320 314
8321 420
8322 419
8323 282
8324 236
8325 341
8326 343
8327 387
8328 525
8329 490
8330 532
8331 316
8332 376
8333 312
8334 320
8335 342
8336 264
8337 333
8338 281
8339 241
8340 253
8341 256
8342 261
8343 293
8344 299
8345 264
8346 307
8347 322
8348 268
8349 383
8350 266
8351 268
8352 284
8353 254
8354 306
8355 352
8356 450
8357 301
8358 452
8359 321
8360 258
8361 327
8362 460
8363 428
8364 274
8365 371
8366 329
8367 282
8368 237
8369 206
8370 338
8371 328
8372 392
8373 210
8374 278
8375 285
8376 321
8377 353
8378 393
8379 399
8380 383
8381 332
8382 451
8383 315
8384 322
8385 362
8386 206
8387 301
8388 243
8389 262
8390 351
8391 349
8392 370
8393 319
8394 306
8395 371
8396 322
8397 381
8398 295
8399 305
8400 285
8401 278
8402 273
8403 324
8404 334
8405 247
8406 179
8407 235
8408 223
8409 286
8410 271
8411 290
8412 260
8413 275
8414 308
8415 331
8416 349
8417 303
8418 302
8419 311
8420 285
8421 340
8422 295
8423 257
8424 278
8425 242
8426 278
8427 280
8428 262
8429 408
8430 402
8431 367
8432 275
8433 250
8434 250
8435 274
8436 339
8437 267
8438 237
8439 315
8440 438
8441 263
8442 473
8443 439
8444 435
8445 360
8446 393
8447 384
8448 440
8449 400
8450 411
8451 398
8452 317
8453 300
8454 305
8455 338
8456 322
8457 222
8458 242
8459 259
8460 287
8461 290
8462 359
8463 427
8464 431
8465 325
8466 372
8467 327
8468 393
8469 336
8470 155
8471 301
8472 247
8473 298
8474 239
8475 271
8476 355
8477 332
8478 343
8479 430
8480 430
8481 439
8482 294
8483 285
8484 282
8485 277
8486 339
8487 275
8488 270
8489 223
8490 234
8491 368
8492 400
8493 368
8494 309
8495 258
8496 346
8497 338
8498 293
8499 317
8500 340
8501 398
8502 261
8503 293
8504 298
8505 270
8506 393
8507 356
8508 435
8509 415
8510 419
8511 351
8512 322
8513 311
8514 306
8515 332
8516 340
8517 278
8518 298
8519 260
8520 345
8521 345
8522 369
8523 282
8524 290
8525 326
8526 293
8527 267
8528 257
8529 259
8530 325
8531 389
8532 349
8533 321
8534 215
8535 379
8536 221
8537 259
8538 292
8539 308
8540 343
8541 337
8542 327
8543 339
8544 369
8545 314
8546 371
8547 323
8548 399
8549 200
8550 306
8551 291
8552 284
8553 385
8554 360
8555 373
8556 421
8557 359
8558 400
8559 217
8560 278
8561 359
8562 326
8563 288
8564 245
8565 384
8566 316
8567 371
8568 198
8569 336
8570 333
8571 304
8572 381
8573 360
8574 363
8575 367
8576 243
8577 263
8578 335
8579 367
8580 324
8581 225
8582 367
8583 272
8584 318
8585 312
8586 296
8587 291
8588 335
8589 297
8590 338
8591 218
8592 310
8593 448
8594 267
8595 453
8596 238
8597 278
8598 257
8599 412
8600 272
8601 273
8602 219
8603 300
8604 288
8605 239
8606 309
8607 323
8608 324
8609 356
8610 319
8611 300
8612 149
8613 265
8614 419
8615 371
8616 357
8617 360
8618 385
8619 274
8620 353
8621 275
8622 475
8623 276
8624 299
8625 225
8626 407
8627 321
8628 347
8629 224
8630 425
8631 348
8632 244
8633 227
8634 324
8635 297
8636 366
8637 346
8638 391
8639 401
8640 323
8641 339
8642 320
8643 337
8644 396
8645 270
8646 386
8647 339
8648 315
8649 363
8650 279
8651 298
8652 260
8653 277
8654 249
8655 328
8656 458
8657 445
8658 394
8659 241
8660 274
8661 377
8662 164
8663 318
8664 275
8665 439
8666 393
8667 611
8668 600
8669 631
8670 265
8671 632
8672 313
8673 267
8674 657
8675 284
8676 328
8677 332
8678 359
8679 227
8680 351
8681 352
8682 278
8683 251
8684 255
8685 271
8686 298
8687 204
8688 414
8689 376
8690 343
8691 398
8692 238
8693 329
8694 344
8695 396
8696 297
8697 378
8698 346
8699 262
8700 272
8701 337
8702 271
8703 337
8704 314
8705 345
8706 284
8707 292
8708 328
8709 444
8710 328
8711 349
8712 458
8713 280
8714 279
8715 272
8716 338
8717 279
8718 445
8719 490
8720 317
8721 278
8722 324
8723 346
8724 364
8725 285
8726 269
8727 319
8728 284
8729 355
8730 329
8731 301
8732 427
8733 341
8734 323
8735 291
8736 283
8737 246
8738 238
8739 307
8740 330
8741 357
8742 332
8743 300
8744 306
8745 285
8746 341
8747 382
8748 350
8749 321
8750 335
8751 228
8752 377
8753 336
8754 391
8755 408
8756 321
8757 311
8758 283
8759 290
8760 266
8761 332
8762 382
8763 324
8764 278
8765 394
8766 273
8767 341
8768 346
8769 362
8770 335
8771 364
8772 401
8773 306
8774 358
8775 320
8776 287
8777 371
8778 185
8779 232
8780 258
8781 258
8782 527
8783 541
8784 268
8785 305
8786 322
8787 310
8788 345
8789 344
8790 365
8791 352
8792 438
8793 315
8794 314
8795 264
8796 258
8797 292
8798 359
8799 387
8800 438
8801 475
8802 523
8803 331
8804 287
8805 342
8806 261
8807 343
8808 400
8809 424
8810 336
8811 355
8812 290
8813 220
8814 380
8815 357
8816 375
8817 294
8818 341
8819 364
8820 325
8821 309
8822 511
8823 333
8824 354
8825 287
8826 302
8827 307
8828 432
8829 388
8830 475
8831 277
8832 207
8833 327
8834 233
8835 315
8836 361
8837 344
8838 359
8839 360
8840 376
8841 382
8842 156
8843 180
8844 134
8845 141
8846 328
8847 314
8848 283
8849 304
8850 280
8851 336
8852 275
8853 240
8854 271
8855 241
8856 276
8857 284
8858 437
8859 220
8860 287
8861 260
8862 280
8863 454
8864 469
8865 412
8866 441
8867 256
8868 264
8869 294
8870 315
8871 403
8872 342
8873 381
8874 330
8875 304
8876 238
8877 328
8878 306
8879 364
8880 313
8881 313
8882 272
8883 391
8884 400
8885 356
8886 335
8887 319
8888 359
8889 390
8890 231
8891 363
8892 238
8893 339
8894 364
8895 313
8896 355
8897 267
8898 331
8899 344
8900 333
8901 408
8902 368
8903 999999999
8904 355
8905 280
8906 284
8907 433
8908 396
8909 317
8910 283
8911 382
8912 330
8913 305
8914 322
8915 309
8916 300
8917 313
8918 448
8919 439
8920 278
8921 251
8922 253
8923 454
8924 317
8925 347
8926 289
8927 339
8928 305
8929 341
8930 330
8931 302
8932 321
8933 349
8934 289
8935 325
8936 267
8937 265
8938 248
8939 307
8940 320
8941 362
8942 326
8943 329
8944 358
8945 366
8946 361
8947 382
8948 375
8949 350
8950 377
8951 348
8952 363
8953 352
8954 238
8955 456
8956 414
8957 417
8958 118
8959 454
8960 223
8961 264
8962 299
8963 415
8964 420
8965 404
8966 292
8967 261
8968 333
8969 429
8970 424
8971 447
8972 469
8973 402
8974 341
8975 233
8976 445
8977 266
8978 330
8979 412
8980 307
8981 277
8982 386
8983 315
8984 372
8985 321
8986 378
8987 435
8988 376
8989 327
8990 432
8991 380
8992 327
8993 463
8994 304
8995 301
8996 277
8997 333
8998 273
8999 273
9000 332
9001 316
9002 313
9003 343
9004 351
9005 467
9006 389
9007 210
9008 530
9009 535
9010 396
9011 474
9012 260
9013 337
9014 429
9015 390
9016 313
9017 246
9018 243
9019 256
9020 317
9021 241
9022 268
9023 305
9024 314
9025 464
9026 438
9027 316
9028 366
9029 316
9030 340
9031 234
9032 379
9033 394
9034 373
9035 327
9036 299
9037 308
9038 359
9039 336
9040 339
9041 355
9042 259
9043 481
9044 421
9045 375
9046 367
9047 470
9048 513
9049 342
9050 312
9051 352
9052 343
9053 404
9054 259
9055 301
9056 286
9057 375
9058 298
9059 208
9060 272
9061 220
9062 417
9063 362
9064 268
9065 321
9066 249
9067 279
9068 238
9069 283
9070 291
9071 314
9072 247
9073 314
9074 315
9075 269
9076 236
9077 272
9078 276
9079 211
9080 351
9081 467
9082 491
9083 289
9084 261
9085 290
9086 287
9087 261
9088 312
9089 362
9090 357
9091 266
9092 263
9093 298
9094 360
9095 286
9096 278
9097 410
9098 352
9099 435
9100 293
9101 323
9102 360
9103 429
9104 434
9105 421
9106 339
9107 299
9108 363
9109 303
9110 318
9111 302
9112 226
9113 229
9114 432
9115 323
9116 409
9117 437
9118 404
9119 456
9120 275
9121 398
9122 353
9123 388
9124 362
9125 344
9126 359
9127 419
9128 415
9129 403
9130 459
9131 348
9132 332
9133 257
9134 221
9135 237
9136 227
9137 328
9138 311
9139 488
9140 292
9141 362
9142 292
9143 205
9144 183
9145 138
9146 164
9147 194
9148 372
9149 380
9150 397
9151 371
9152 237
9153 266
9154 260
9155 371
9156 285
9157 311
9158 330
9159 374
9160 304
9161 427
9162 403
9163 232
9164 199
9165 276
9166 204
9167 357
9168 368
9169 384
9170 351
9171 328
9172 420
9173 398
9174 446
9175 360
9176 328
9177 256
9178 315
9179 333
9180 319
9181 359
9182 349
9183 321
9184 325
9185 296
9186 399
9187 422
9188 298
9189 382
9190 510
9191 335
9192 358
9193 345
9194 484
9195 293
9196 353
9197 526
9198 269
9199 686
9200 431
9201 711
9202 305
9203 298
9204 305
9205 313
9206 265
9207 287
9208 303
9209 390
9210 369
9211 626
9212 999999999
9213 999999999
9214 335
9215 381
9216 256
9217 278
9218 368
9219 337
9220 283
9221 331
9222 410
9223 314
9224 351
9225 304
9226 320
9227 274
9228 352
9229 294
9230 355
9231 282
9232 339
9233 405
9234 409
9235 340
9236 366
9237 296
9238 385
9239 332
9240 411
9241 351
9242 335
9243 415
9244 374
9245 468
9246 494
9247 249
9248 335
9249 327
9250 338
9251 328
9252 266
9253 317
9254 308
9255 250
9256 311
9257 276
9258 335
9259 372
9260 514
9261 541
9262 543
9263 446
9264 345
9265 356
9266 419
9267 399
9268 351
9269 369
9270 388
9271 296
9272 514
9273 281
9274 336
9275 296
9276 274
9277 312
9278 373
9279 296
9280 414
9281 269
9282 342
9283 335
9284 303
9285 401
9286 404
9287 355
9288 309
9289 442
9290 398
9291 337
9292 247
9293 276
9294 276
9295 270
9296 285
9297 278
9298 323
9299 284
9300 281
9301 287
9302 305
9303 401
9304 406
9305 413
9306 419
9307 376
9308 367
9309 372
9310 422
9311 354
9312 354
9313 366
9314 356
9315 397
9316 323
9317 388
9318 391
9319 173
9320 388
9321 354
9322 352
9323 323
9324 351
9325 433
9326 331
9327 438
9328 430
9329 418
9330 271
9331 211
9332 384
9333 324
9334 292
9335 358
9336 305
9337 255
9338 227
9339 299
9340 278
9341 235
9342 230
9343 327
9344 367
9345 277
9346 292
9347 487
9348 318
9349 385
9350 999999999
9351 999999999
9352 999999999
9353 308
9354 999999999
9355 381
9356 216
9357 228
9358 252
9359 455
9360 349
9361 378
9362 312
9363 383
9364 999999999
9365 616
9366 999999999
9367 999999999
9368 398
9369 700
9370 277
9371 999999999
9372 341
9373 399
9374 388
9375 349
9376 275
9377 256
9378 381
9379 423
9380 417
9381 372
9382 281
9383 288
9384 269
9385 282
9386 293
9387 374
9388 369
9389 384
9390 356
9391 392
9392 456
9393 422
9394 420
9395 246
9396 386
9397 389
9398 298
9399 314
9400 316
9401 280
9402 383
9403 322
9404 355
9405 365
9406 389
9407 403
9408 337
9409 414
9410 317
9411 315
9412 393
9413 362
9414 377
9415 664
9416 681
9417 298
9418 425
9419 455
9420 388
9421 332
9422 399
9423 413
9424 291
9425 427
9426 421
9427 392
9428 362
9429 463
9430 418
9431 299
9432 289
9433 369
9434 395
9435 327
9436 318
9437 318
9438 409
9439 279
9440 517
9441 486
9442 494
9443 498
9444 301
9445 405
9446 416
9447 477
9448 368
9449 317
9450 376
9451 320
9452 321
9453 352
9454 401
9455 348
9456 348
9457 325
9458 399
9459 419
9460 364
9461 368
9462 285
9463 344
9464 352
9465 357
9466 999999999
9467 425
9468 288
9469 266
9470 288
9471 336
9472 260
9473 407
9474 304
9475 469
9476 271
9477 287
9478 300
9479 367
9480 325
9481 388
9482 316
9483 361
9484 345
9485 354
9486 398
9487 335
9488 462
9489 337
9490 250
9491 314
9492 266
9493 427
9494 399
9495 435
9496 370
9497 450
9498 473
9499 308
9500 324
9501 368
9502 415
9503 455
9504 393
9505 273
9506 309
9507 258
9508 376
9509 371
9510 330
9511 350
9512 391
9513 393
9514 347
9515 277
9516 364
9517 416
9518 355
9519 365
9520 416
9521 422
9522 420
9523 321
9524 258
9525 334
9526 363
9527 325
9528 383
9529 314
9530 322
9531 280
9532 357
9533 328
9534 307
9535 345
9536 224
9537 374
9538 366
9539 337
9540 458
9541 487
9542 487
9543 289
9544 348
9545 361
9546 259
9547 304
9548 315
9549 281
9550 339
9551 241
9552 244
9553 502
9554 464
9555 456
9556 278
9557 456
9558 424
9559 367
9560 554
9561 479
9562 366
9563 447
9564 495
9565 293
9566 332
9567 202
9568 209
9569 424
9570 327
9571 428
9572 404
9573 338
9574 445
9575 450
9576 382
9577 266
9578 224
9579 268
9580 259
9581 272
9582 311
9583 367
9584 355
9585 482
9586 313
9587 288
9588 232
9589 417
9590 451
9591 202
9592 446
9593 383
9594 378
9595 440
9596 426
9597 484
9598 462
9599 486
9600 213
9601 347
9602 418
9603 425
9604 332
9605 453
9606 519
9607 392
9608 469
9609 417
9610 340
9611 386
9612 373
9613 386
9614 330
9615 277
9616 380
9617 402
9618 364
9619 363
9620 354
9621 363
9622 378
9623 428
9624 430
9625 383
9626 374
9627 387
9628 308
9629 487
9630 563
9631 585
9632 447
9633 463
9634 471
9635 303
9636 321
9637 436
9638 309
9639 393
9640 324
9641 430
9642 371
9643 346
9644 376
9645 395
9646 320
9647 363
9648 244
9649 236
9650 286
9651 374
9652 331
9653 371
9654 337
9655 384
9656 346
9657 498
9658 350
9659 417
9660 401
9661 426
9662 474
9663 429
9664 443
9665 181
9666 186
9667 315
9668 420
9669 287
9670 344
9671 324
9672 339
9673 308
9674 462
9675 224
9676 241
9677 226
9678 380
9679 437
9680 367
9681 430
9682 381
9683 418
9684 353
9685 325
9686 338
9687 315
9688 450
9689 413
9690 432
9691 999999999
9692 999999999
9693 999999999
9694 999999999
9695 301
9696 297
9697 312
9698 280
9699 307
9700 319
9701 486
9702 213
9703 511
9704 348
9705 392
9706 492
9707 443
9708 437
9709 460
9710 320
9711 345
9712 412
9713 362
9714 399
9715 405
9716 389
9717 450
9718 430
9719 399
9720 364
9721 338
9722 348
9723 414
9724 400
9725 397
9726 381
9727 253
9728 302
9729 389
9730 375
9731 392
9732 419
9733 379
9734 395
9735 487
9736 487
9737 309
9738 314
9739 372
9740 425
9741 606
9742 535
9743 312
9744 361
9745 378
9746 484
9747 332
9748 317
9749 481
9750 339
9751 504
9752 285
9753 408
9754 445
9755 392
9756 354
9757 412
9758 392
9759 354
9760 341
9761 460
9762 479
9763 374
9764 434
9765 438
9766 346
9767 331
9768 322
9769 271
9770 296
9771 289
9772 337
9773 286
9774 329
9775 303
9776 354
9777 334
9778 475
9779 308
9780 387
9781 401
9782 468
9783 274
9784 253
9785 386
9786 374
9787 398
9788 532
9789 555
9790 359
9791 404
9792 437
9793 286
9794 244
9795 422
9796 444
9797 467
9798 402
9799 415
9800 379
9801 391
9802 390
9803 364
9804 525
9805 521
9806 405
9807 379
9808 382
9809 417
9810 390
9811 446
9812 365
9813 349
9814 349
9815 377
9816 382
9817 376
9818 396
9819 415
9820 388
9821 275
9822 321
9823 401
9824 478
9825 578
9826 193
9827 586
9828 215
9829 208
9830 274
9831 364
9832 403
9833 519
9834 459
9835 319
9836 249
9837 472
9838 461
9839 501
9840 464
9841 528
9842 444
9843 511
9844 340
9845 999999999
9846 503
9847 999999999
9848 393
9849 417
9850 494
9851 439
9852 502
9853 292
9854 999999999
9855 438
9856 999999999
9857 560
9858 331
9859 389
9860 340
9861 374
9862 314
9863 389
9864 373
9865 319
9866 494
9867 313
9868 407
9869 436
9870 452
9871 359
9872 256
9873 288
9874 415
9875 322
9876 290
9877 324
9878 301
9879 371
9880 328
9881 388
9882 256
9883 539
9884 361
9885 332
9886 343
9887 472
9888 999999999
9889 297
9890 337
9891 410
9892 439
9893 470
9894 343
9895 322
9896 368
9897 380
9898 480
9899 434
9900 384
9901 434
9902 373
9903 421
9904 487
9905 472
9906 256
9907 200
9908 207
9909 234
9910 401
9911 367
9912 383
9913 433
9914 400
9915 428
9916 414
9917 524
9918 458
9919 408
9920 430
9921 391
9922 393
9923 398
9924 530
9925 999999999
9926 999999999
9927 999999999
9928 350
9929 371
9930 386
9931 387
9932 311
9933 233
9934 394
9935 307
9936 337
9937 360
9938 362
9939 367
9940 539
9941 323
9942 300
9943 319
9944 314
9945 428
9946 348
9947 468
9948 466
9949 452
9950 499
9951 386
9952 393
9953 302
9954 306
9955 434
9956 427
9957 389
9958 479
9959 417
9960 287
9961 494
9962 512
9963 457
9964 459
9965 434
9966 469
9967 417
9968 367
9969 368
9970 320
9971 272
9972 443
9973 398
9974 258
9975 413
9976 414
9977 386
9978 419
9979 461
9980 401
9981 410
9982 367
9983 451
9984 434
9985 329
9986 279
9987 299
9988 310
9989 403
9990 339
9991 363
9992 306
9993 318
9994 312
9995 445
9996 472
9997 436
9998 486
9999 389
10000 475
10001 421
10002 402
10003 433
10004 327
10005 999999999
10006 549
10007 999999999
10008 999999999
10009 999999999
10010 403
10011 433
10012 387
10013 405
10014 328
10015 564
10016 526
10017 605
10018 432
10019 416
10020 243
10021 235
10022 290
10023 535
10024 510
10025 540
10026 544
10027 524
10028 599
10029 603
10030 343
10031 291
10032 330
10033 358
10034 347
10035 999999999
10036 999999999
10037 435
10038 514
10039 450
10040 180
10041 410
10042 459
10043 422
10044 387
10045 216
10046 469
10047 390
10048 406
10049 353
10050 523
10051 534
10052 560
10053 332
10054 339
10055 350
10056 364
10057 364
10058 365
10059 424
10060 419
10061 395
10062 339
10063 469
10064 445
10065 456
10066 319
10067 313
10068 351
10069 388
10070 361
10071 458
10072 359
10073 334
10074 408
10075 349
10076 349
10077 345
10078 349
10079 472
10080 287
10081 269
10082 450
10083 544
10084 285
10085 490
10086 523
10087 506
10088 499
10089 563
10090 211
10091 260
10092 249
10093 241
10094 229
10095 302
10096 340
10097 459
10098 451
10099 412
10100 418
10101 441
10102 445
10103 433
10104 358
10105 438
10106 484
10107 508
10108 471
10109 401
10110 432
10111 345
10112 999999999
10113 999999999
10114 999999999
10115 999999999
10116 455
10117 457
10118 424
10119 421
10120 402
10121 409
10122 391
10123 345
10124 381
10125 361
10126 429
10127 379
10128 314
10129 548
10130 582
10131 459
10132 462
10133 461
10134 452
10135 488
10136 485
10137 457
10138 443
10139 438
10140 542
10141 545
10142 355
10143 287
10144 351
10145 424
10146 364
10147 329
10148 301
10149 217
10150 482
10151 502
10152 501
10153 331
10154 343
10155 309
10156 217
10157 569
10158 485
10159 297
10160 999999999
10161 999999999
10162 999999999
10163 314
10164 566
10165 253
10166 261
10167 300
10168 593
10169 637
10170 525
10171 600
10172 320
10173 330
10174 324
10175 431
10176 386
10177 329
10178 566
10179 473
10180 540
10181 457
10182 489
10183 476
10184 315
10185 362
10186 485
10187 463
10188 245
10189 402
10190 399
10191 484
10192 304
10193 356
10194 350
10195 479
10196 476
10197 491
10198 568
10199 537
10200 384
10201 355
10202 381
10203 400
10204 389
10205 393
10206 419
10207 373
10208 469
10209 471
10210 426
10211 364
10212 431
10213 372
10214 412
10215 414
10216 444
10217 401
10218 435
10219 369
10220 532
10221 450
10222 490
10223 528
10224 358
10225 416
10226 339
10227 356
10228 373
10229 415
10230 359
10231 313
10232 383
10233 420
10234 392
10235 614
10236 628
10237 623
10238 596
10239 626
10240 451
10241 570
10242 316
10243 323
10244 355
10245 314
10246 330
10247 529
10248 461
10249 454
10250 477
10251 464
10252 487
10253 523
10254 423
10255 380
10256 341
10257 390
10258 491
10259 452
10260 431
10261 434
10262 461
10263 496
10264 375
10265 567
10266 576
10267 496
10268 538
10269 520
10270 522
10271 638
10272 488
10273 391
10274 438
10275 350
10276 627
10277 360
10278 438
10279 416
10280 454
10281 512
10282 367
10283 278
10284 222
10285 999999999
10286 339
10287 364
10288 260
10289 366
10290 439
10291 407
10292 545
10293 557
10294 410
10295 317
10296 404
10297 414
10298 344
10299 415
10300 367
10301 517
10302 479
10303 547
10304 546
10305 343
10306 476
10307 469
10308 450
10309 360
10310 519
10311 452
10312 460
10313 475
10314 432
10315 429
10316 381
10317 369
10318 401
10319 413
10320 396
10321 559
10322 577
10323 311
10324 330
10325 453
10326 573
10327 288
10328 375
10329 417
10330 251
10331 198
10332 219
10333 276
10334 548
10335 501
10336 451
10337 482
10338 391
10339 314
10340 409
10341 388
10342 397
10343 377
10344 372
10345 334
10346 331
10347 660
10348 367
10349 410
10350 323
10351 378
10352 353
10353 578
10354 411
10355 554
10356 349
10357 609
10358 667
10359 522
10360 566
10361 716
10362 736
10363 587
10364 425
10365 488
10366 463
10367 651
10368 470
10369 503
10370 552
10371 590
10372 580
10373 351
10374 466
10375 509
10376 570
10377 503
10378 414
10379 397
10380 420
10381 503
10382 448
10383 400
10384 595
10385 554
10386 503
10387 461
10388 428
10389 438
10390 128
10391 336
10392 607
10393 401
10394 409
10395 482
10396 656
10397 359
10398 331
10399 286
10400 596
10401 555
10402 534
10403 488
10404 469
10405 473
10406 429
10407 519
10408 348
10409 308
10410 505
10411 552
10412 534
10413 455
10414 393
10415 537
10416 593
10417 529
10418 398
10419 579
10420 768
10421 771
10422 574
10423 389
10424 391
10425 391
10426 333
10427 362
10428 335
10429 269
10430 261
10431 489
10432 566
10433 668
10434 349
10435 289
10436 424
10437 412
10438 403
10439 439
10440 431
10441 569
10442 574
10443 518
10444 472
10445 470
10446 403
10447 487
10448 375
10449 398
10450 401
10451 651
10452 999999999
10453 999999999
10454 999999999
10455 999999999
10456 283
10457 190
10458 226
10459 559
10460 999999999
10461 999999999
10462 999999999
10463 999999999
10464 999999999
10465 465
10466 435
10467 488
10468 647
10469 632
10470 583
10471 605
10472 577
10473 498
10474 466
10475 556
10476 360
10477 392
10478 472
10479 596
10480 675
10481 737
10482 380
10483 415
10484 420
10485 404
10486 438
10487 347
10488 245
10489 585
10490 555
10491 520
10492 505
10493 999999999
10494 645
10495 412
10496 607
10497 491
10498 483
10499 409
10500 469
10501 322
10502 373
10503 397
10504 379
10505 405
10506 300
10507 305
10508 362
10509 308
10510 342
10511 312
10512 354
10513 508
10514 487
10515 388
10516 385
10517 407
10518 340
10519 561
10520 538
10521 568
10522 452
10523 546
10524 535
10525 564
10526 371
10527 426
10528 440
10529 999999999
10530 999999999
10531 709
10532 302
10533 284
10534 267
10535 720
10536 999999999
10537 999999999
10538 469
10539 722
10540 616
10541 663
10542 642
10543 616
10544 642
10545 582
10546 551
10547 483
10548 514
10549 493
10550 701
10551 477
10552 740
10553 836
10554 833
10555 606
10556 509
10557 435
10558 364
10559 443
10560 366
10561 360
10562 665
10563 642
10564 635
10565 535
10566 539
10567 453
10568 500
10569 485
10570 389
10571 373
10572 392
10573 352
10574 360
10575 369
10576 311
10577 363
10578 399
10579 413
10580 379
10581 340
10582 396
10583 328
10584 450
10585 507
10586 500
10587 394
10588 387
10589 596
10590 602
10591 589
10592 466
10593 663
10594 380
10595 447
10596 470
10597 999999999
10598 377
10599 338
10600 810
10601 512
10602 554
10603 684
10604 654
10605 635
10606 999999999
10607 999999999
10608 999999999
10609 377
10610 448
10611 624
10612 434
10613 449
10614 528
10615 594
10616 557
10617 589
10618 471
10619 487
10620 478
10621 523
10622 361
10623 701
10624 583
10625 528
10626 483
10627 511
10628 370
10629 393
10630 436
10631 422
10632 389
10633 428
10634 425
10635 485
10636 425
10637 476
10638 585
10639 512
10640 440
10641 453
10642 609
10643 670
10644 484
10645 408
10646 402
10647 999999999
10648 999999999
10649 480
10650 562
10651 383
10652 400
10653 999999999
10654 465
10655 433
10656 465
10657 510
10658 491
10659 378
10660 566
10661 581
10662 528
10663 340
10664 326
10665 331
10666 371
10667 544
10668 585
10669 602
10670 375
10671 482
10672 534
10673 380
10674 486
10675 440
10676 457
10677 424
10678 541
10679 495
10680 615
10681 599
10682 494
10683 610
10684 554
10685 497
10686 629
10687 661
10688 553
10689 599
10690 624
10691 415
10692 536
10693 503
10694 574
10695 514
10696 570
10697 516
10698 571
10699 575
10700 540
10701 575
10702 662
10703 661
10704 464
10705 460
10706 532
10707 671
10708 359
10709 363
10710 390
10711 710
10712 714
10713 348
10714 640
10715 585
10716 556
10717 740
10718 740
10719 510
10720 475
10721 558
10722 577
10723 394
10724 486
10725 431
10726 408
10727 599
10728 475
10729 501
10730 529
10731 694
10732 617
10733 616
10734 663
10735 746
10736 821
10737 840
10738 575
10739 592
10740 591
10741 594
10742 632
10743 471
10744 450
10745 396
10746 533
10747 495
10748 566
10749 599
10750 560
10751 468
10752 431
10753 453
10754 629
10755 683
10756 661
10757 420
10758 830
10759 827
10760 913
10761 829
10762 892
10763 379
10764 326
10765 618
10766 639
10767 672
10768 642
10769 650
10770 332
10771 676
10772 666
10773 703
10774 486
10775 415
10776 548
10777 623
10778 594
10779 687
10780 609
10781 436
10782 542
10783 476
10784 499
10785 720
10786 442
10787 961
10788 906
10789 693
10790 643
10791 671
10792 758
10793 752
10794 719
10795 716
10796 726
10797 722
10798 760
10799 496
10800 550
10801 576
10802 570
10803 641
10804 266
10805 249
10806 311
10807 271
10808 800
10809 784
10810 506
10811 962
10812 715
10813 695
10814 696
10815 653
10816 727
10817 739
10818 795
10819 792
10820 773
10821 284
10822 293
10823 313
10824 337
10825 743
10826 746
10827 770
10828 750
10829 729
10830 718
10831 741
10832 739
10833 755
10834 356
10835 779
10836 791
10837 847
10838 878
10839 786
10840 861
10841 879
10842 906
10843 849
10844 957
10845 946
10846 880
10847 964
10848 956
10849 969
10850 915
10851 809
10852 911
10853 895
10854 914
10855 769
10856 731
10857 792
10858 800
10859 1049
10860 978
10861 997
10862 967
10863 950
10864 960
10865 1034
10866 831
10867 783
10868 801
10869 819
10870 863
10871 989
10872 957
10873 1018
10874 999999999
10875 477
